I 59
3.9875996185e-01 -8.1635837520e-01 6.2599152448e-01 4.8667296409e-01 -2.2874726490e-01 -1.9256793846e-01 8.7799758693e-14 4.7752266625e-15 1.4722075827e-15 5.4224359493e-13 2.9925370703e-14 1.1070799289e-14 -6.7045839154e-14 1.3305847766e-15 -9.5192435579e-15 -1.3955175214e-13 1.6178437263e-15 -1.9604159231e-14 -6.0291292282e-14 -3.7042251856e-15 5.8775393754e-15 -1.0243652716e-02 -1.0339396918e-02 -1.2508354962e-02 2.8685447976e-04 -8.2394846112e-04 9.9019305558e-04 1.4318582841e-02 1.4308423895e-02 1.4016586200e-02 3.8009000161e-05 -1.1010891415e-04 1.3335916124e-04 1.2654087538e-02 1.2737137075e-02 1.4708117991e-02 -2.5981792217e-04 7.4764560011e-04 -9.0000213987e-04 4.7129126304e-16 -5.3997710578e-16 1.6157474873e-15 -2.8169094130e-15 -1.1159409747e-16 8.0913456362e-16 -2.0637744799e-15 3.5444263569e-16 1.0718519331e-15 -3.3041764946e-16 -3.4586910268e-17 -4.7447090140e-15 1.4507980621e-14 -2.6396266335e-15 -1.7817381073e-15 5.7322730921e-15 -5.3690466379e-15 -1.8088860960e-15 6.7633971432e-15 1.2232759745e-15
-8.1635837520e-01 1.6722830929e+00 -1.2844775014e+00 -1.0083158926e+00 4.9057486579e-01 4.1281899473e-01 -1.9887291169e-13 -1.0259447668e-14 -2.3699520547e-15 -1.2294819498e-12 -6.3998362004e-14 -1.8882260361e-14 1.5008845945e-13 -3.6733974524e-15 2.0064330539e-14 3.0999960238e-13 -4.7704797231e-15 4.1452781586e-14 1.3432635295e-13 7.4373501352e-15 -1.3092803790e-14 2.3303375031e-02 2.3513930312e-02 2.8284065034e-02 -6.3086908012e-04 1.8120855526e-03 -2.1777070150e-03 -3.0124612772e-02 -3.0101706482e-02 -2.9450141169e-02 -8.4908623450e-05 2.4589476801e-04 -2.9773101032e-04 -2.6976256502e-02 -2.7155273205e-02 -3.1403401590e-02 5.5999888383e-04 -1.6114330237e-03 1.9398071977e-03 -6.9008288860e-16 1.1862984948e-15 -3.4609736980e-15 5.8077014258e-15 2.6199841423e-16 -1.7774373593e-15 4.1424182324e-15 -7.6201359462e-16 -2.3043400740e-15 7.3054780343e-16 -3.5811875969e-16 1.0238115943e-14 -3.1115269906e-14 5.1442859231e-15 3.8150421444e-15 -1.2227765403e-14 1.1171465943e-14 3.8450171968e-15 -1.4512844461e-14 -2.7129356881e-15
6.2599152448e-01 -1.2844775014e+00 9.9124800563e-01 7.9900652084e-01 -4.2421181744e-01 -3.5658388790e-01 2.3139763004e-14 -1.4802560443e-15 6.6028008113e-16 1.2600181537e-13 -6.4541647575e-15 9.4928495047e-15 -1.3992412729e-15 -1.5846125045e-16 -2.2914720767e-14 -3.3975103036e-14 1.2388870267e-16 -4.1425033134e-14 -9.6927922022e-15 -6.6704707960e-15 3.8912025340e-15 -2.2486083133e-02 -2.2729214547e-02 -2.8229285193e-02 7.2748251917e-04 -2.0894731379e-03 2.5109268429e-03 2.4904536344e-02 2.4875720243e-02 2.4108624624e-02 1.0036286332e-04 -2.9000717139e-04 3.5043608360e-04 2.2989263600e-02 2.3145555077e-02 2.6854144738e-02 -4.8887792526e-04 1.4067740428e-03 -1.6934389665e-03 7.7869055116e-16 -9.3925848421e-16 2.8790547243e-15 -4.1613503048e-15 -6.2477170693e-17 1.0722714218e-15 -3.1979703692e-15 5.1878908459e-16 1.9645934218e-15 -4.5957641489e-16 -8.7513859537e-16 -8.3371798703e-15 2.7169340992e-14 -4.0326503968e-15 -3.8872502695e-15 1.2184978472e-14 -5.1072814183e-15 -4.1933739970e-15 1.2114369578e-14 4.0566668255e-16
4.8667296409e-01 -1.0083158926e+00 7.9900652084e-01 7.3752770650e-01 -5.4609246129e-01 -4.5782888846e-01 3.4625803284e-13 3.0028133644e-14 5.0661080771e-15 2.1721764582e-12 1.7657753687e-13 3.0770078397e-14 -3.0352843607e-13 2.7279381083e-14 -4.9687986023e-15 -5.6937037351e-13 3.8025246358e-14 -2.1683179771e-14 -2.5365601331e-13 5.3566764734e-15 2.9750303859e-14 -4.1158319599e-02 -4.1360471666e-02 -4.6018551393e-02 6.1530428150e-04 -1.7685598494e-03 2.1267127259e-03 2.7098004794e-02 2.7072193133e-02 2.6326382302e-02 9.7102759402e-05 -2.8134917341e-04 3.4081519134e-04 2.8276984992e-02 2.8486794879e-02 3.3459756552e-02 -6.5560194795e-04 1.8864512044e-03 -2.2707729876e-03 -2.7927550910e-15 -1.7180177362e-15 4.0843398545e-15 -4.0129917634e-15 -5.4148228325e-16 2.3327209612e-15 -1.7075015380e-15 9.4638677019e-16 2.5045423516e-15 -9.0067142072e-16 5.7552029336e-15 -1.2279281047e-14 3.5173400971e-14 1.8150172646e-17 -3.8986762704e-15 1.2015626125e-14 -1.0201354101e-14 -3.5844768921e-15 1.6162462931e-14 4.9288059324e-15
-2.2874726490e-01 4.9057486579e-01 -4.2421181744e-01 -5.4609246129e-01 6.2785352937e-01 5.2415309229e-01 2.3432212022e-13 1.8903927823e-15 -1.1622191627e-14 1.4727523653e-12 2.2571120902e-14 -6.9207241663e-14 -1.5445265280e-13 -4.7526472233e-14 1.8144531780e-15 -2.7434031956e-13 -7.2170262743e-14 8.5835801202e-15 -1.3022165112e-13 -2.6423687752e-14 -2.0895318062e-14 5.2054922618e-02 5.3127184612e-02 7.7717677252e-02 -3.2493502839e-03 9.3378214859e-03 -1.1226897345e-02 -2.7082960069e-02 -2.6937737549e-02 -2.3431891751e-02 -4.6160706009e-04 1.3291651734e-03 -1.6009637110e-03 -3.1059272830e-02 -3.1302298975e-02 -3.7064934718e-02 7.5968557511e-04 -2.1859796006e-03 2.6313609590e-03 2.4341434550e-15 1.5923048449e-15 -4.5906842464e-15 1.0854522274e-15 -1.0607607757e-16 -5.8252563185e-16 4.3552109405e-16 -5.0952239165e-16 -2.6073762299e-15 2.0193735771e-16 -1.7228408711e-15 1.1958994784e-14 -4.2854810823e-14 -1.5758415151e-15 6.7972229021e-15 -1.9866566763e-14 -7.0594083760e-15 7.7094189417e-15 -1.6075063737e-14 1.9735956783e-15
-1.9256793846e-01 4.1281899473e-01 -3.5658388790e-01 -4.5782888846e-01 5.2415309229e-01 4.3965212045e-01 -2.4007981924e-13 -3.7948554517e-14 5.9372122270e-15 -1.5059088141e-12 -2.3158282445e-13 2.7312068528e-14 2.0456656698e-13 -1.7527212799e-15 3.4517695441e-14 3.8254443004e-13 3.7932235953e-15 6.2671518118e-14 1.6919571505e-13 1.3242563971e-14 -7.4147163447e-15 6.0211556784e-02 5.9091508800e-02 3.3452447369e-02 3.3883527869e-03 -9.7365719692e-03 1.1705528093e-02 -2.0362686355e-02 -2.0510065321e-02 -2.3738264525e-02 4.2799621221e-04 -1.2276876722e-03 1.4735396727e-03 -2.6118717695e-02 -2.6336582674e-02 -3.1488284733e-02 6.7927710072e-04 -1.9543972333e-03 2.3523661911e-03 4.0569899293e-15 1.8491959288e-15 -3.5322320922e-15 1.8113534070e-15 5.2185326275e-16 -2.0218737091e-15 1.2321666121e-18 -9.1445646923e-16 -2.4298550214e-15 7.2964030618e-16 -6.8741479523e-15 1.1733100171e-14 -3.2692444124e-14 -3.2844123922e-15 4.2748801932e-15 -1.3063047890e-14 4.4559032284e-15 3.8537501365e-15 -1.5948441975e-14 -3.3750989351e-15
8.7799758693e-14 -1.9887291169e-13 2.3139763004e-14 3.4625803284e-13 2.3432212022e-13 -2.4007981924e-13 3.5285051204e-02 5.4815070593e-06 -1.5604744923e-05 2.1854408730e-01 3.2025437317e-05 -9.0833820404e-05 -1.6776324040e-02 -1.0408243564e-05 2.8862841383e-05 -3.3602022796e-02 1.6631663000e-04 -4.8048021591e-04 -1.5273541559e-02 -1.9002124198e-04 5.4820216822e-04 -1.6761132133e-13 -1.6852058594e-13 -1.6828517709e-13 -1.3348840896e-17 -1.2749292291e-16 5.2761247647e-17 -1.5946572066e-14 -1.6336905496e-14 -1.6211484337e-14 3.2270057406e-17 4.0695889902e-17 1.4307994220e-16 5.7905986842e-14 5.7545187539e-14 5.7655676469e-14 -6.1992389087e-17 2.0872971570e-16 -1.1084342800e-16 -1.7089983345e-04 -1.4100508466e-05 6.7848612099e-07 -7.0219640931e-05 -4.6795040565e-05 1.3451282201e-04 9.5314260325e-05 1.3992072893e-05 1.3232082646e-05 -7.5577339989e-05 3.0417214892e-04 -8.6944941507e-05 -1.1271592258e-04 1.0121724741e-04 7.5638978463e-05 -2.1739208873e-04 -5.0403642896e-04 1.4594863415e-04 6.7302608987e-05 2.7635055783e-04
4.7752266625e-15 -1.0259447668e-14 -1.4802560443e-15 3.0028133644e-14 1.8903927823e-15 -3.7948554517e-14 5.4815070593e-06 3.5282500408e-02 1.8598302727e-05 3.2025190090e-05 2.1852813381e-01 1.0788373957e-04 -1.0408443170e-05 -1.6769079403e-02 -3.3544006340e-05 1.6632557829e-04 -3.3657525657e-02 5.8048347326e-04 -1.9003529383e-04 -1.5207732592e-02 -6.6146487204e-04 -7.3038226377e-15 -1.0537336449e-14 -9.0424952822e-15 7.4143048688e-16 -1.6383483081e-16 1.4147210387e-16 7.7226456066e-15 7.2711398636e-15 7.2643200672e-15 2.7399658780e-16 -1.9823221097e-17 7.7232648424e-17 1.0578956621e-14 1.0324442016e-14 1.0260558211e-14 2.3545409947e-16 -3.5539569344e-17 1.8662873698e-16 -1.4683341919e-05 -1.4854573298e-04 -7.9751934009e-07 -4.6010115827e-05 -7.5388127569e-05 -1.8647991606e-05 1.3988751563e-05 9.0130370976e-05 -1.5903587905e-04 6.0228426436e-05 -9.2294600967e-05 2.8692055060e-04 1.3542037957e-04 8.2826969567e-05 1.3821676664e-04 -1.0600128399e-04 1.4593470098e-04 -5.5866008393e-04 2.8630337400e-04 -2.5361435048e-04
1.4722075827e-15 -2.3699520547e-15 6.6028008113e-16 5.0661080771e-15 -1.1622191627e-14 5.9372122270e-15 -1.5604744923e-05 1.8598302727e-05 3.5235412506e-02 -9.0833768045e-05 1.0788448326e-04 2.1825487337e-01 2.8862965589e-05 -3.3543353841e-05 -1.6683890269e-02 -4.8048225766e-04 5.8045621224e-04 -3.5124775292e-02 5.4820479455e-04 -6.6142192748e-04 -1.3535552711e-02 -4.0802948066e-16 -1.2100482593e-15 4.2157705976e-16 -1.6958365334e-16 6.0735315572e-16 5.1439654644e-16 1.5754269186e-15 2.7980698146e-15 2.2686782761e-15 -5.1483798422e-17 3.8242685373e-16 -1.6310889528e-17 -1.1510972076e-15 -2.2330825148e-15 -1.1780181940e-15 -1.4102886573e-16 3.7713366893e-16 -2.5560307847e-16 4.2226769329e-05 -4.8773130895e-05 2.4149335808e-04 1.3233449016e-05 -1.8648771206e-05 -2.8226943403e-05 7.8768706959e-05 -9.4668054547e-05 -2.8234474683e-05 5.1120196888e-07 2.6569254949e-04 -3.0141706730e-04 -1.2462682718e-03 6.7311191795e-05 -1.0600421519e-04 4.0624957445e-04 -7.2508812269e-04 8.7239513696e-04 3.1467178553e-04 2.8367644170e-04
5.4224359493e-13 -1.2294819498e-12 1.2600181537e-13 2.1721764582e-12 1.4727523653e-12 -1.5059088141e-12 2.1854408730e-01 3.2025190090e-05 -9.0833768045e-05 1.3640023388e+00 1.6088531906e-04 -4.5260782348e-04 -1.3961989417e-01 1.0119835253e-05 -3.7623396835e-05 -2.6371293545e-01 1.3124700769e-03 -3.7919693811e-03 -1.1997758842e-01 -1.5042493271e-03 4.3393377283e-03 -1.0583803913e-12 -1.0582341556e-12 -1.0591935912e-12 -2.9463180547e-16 -5.6049441774e-16 1.7664421445e-17 -9.6298514140e-14 -9.8407298485e-14 -9.7860749156e-14 1.8763672423e-16 3.2561531863e-16 8.2132991840e-16 3.6541083587e-13 3.6263654555e-13 3.6318230230e-13 -4.6337128314e-16 1.6128038539e-15 -7.3110605366e-16 -1.0608168407e-03 -1.2032297232e-04 3.4628058950e-05 -4.4439494191e-04 -2.7251971763e-04 7.8338816303e-04 4.2219474552e-04 1.0472763408e-04 1.1646483259e-04 -3.9565834790e-04 2.2874928986e-03 -7.3000953469e-04 -7.4459842562e-04 7.4685267529e-04 5.8854695534e-04 -1.6915545615e-03 -4.0733940737e-03 1.1225552556e-03 5.8982648419e-04 2.2008572328e-03
2.9925370703e-14 -6.3998362004e-14 -6.4541647575e-15 1.7657753687e-13 2.2571120902e-14 -2.3158282445e-13 3.2025437317e-05 2.1852813381e-01 1.0788448326e-04 1.6088531906e-04 1.3639105759e+00 5.3340571536e-04 1.0116763004e-05 -1.3959701475e-01 5.4673813152e-05 1.3125378348e-03 -2.6414994478e-01 4.5815409136e-03 -1.5043607455e-03 -1.1945553612e-01 -5.2354925183e-03 -5.3746516283e-14 -5.6884632119e-14 -5.2652625134e-14 1.0364830723e-15 -5.9283406244e-17 3.3141875282e-16 4.2527572604e-14 4.2183659038e-14 4.1329083462e-14 1.4504002173e-15 3.5388577429e-18 5.1725160500e-16 6.4436984580e-14 6.2809340544e-14 6.2299464898e-14 1.7696384529e-15 -3.1500099270e-16 1.4092276346e-15 -1.2487638311e-04 -9.2380344299e-04 -4.1529195096e-05 -2.6639094364e-04 -4.6460042784e-04 -1.6144172040e-04 1.0470516053e-04 3.8338449074e-04 -9.2082736707e-04 3.0856164419e-04 -7.7194815962e-04 2.1634229746e-03 8.9446570837e-04 6.4489083181e-04 1.0483637563e-03 -9.0580262372e-04 1.1224523030e-03 -4.4933860663e-03 2.2292293012e-03 -2.0168052711e-03
1.1070799289e-14 -1.8882260361e-14 9.4928495047e-15 3.0770078397e-14 -6.9207241663e-14 2.7312068528e-14 -9.0833820404e-05 1.0788373957e-04 2.1825487337e-01 -4.5260782348e-04 5.3340571536e-04 1.3625582257e+00 -3.7622088851e-05 5.4683424768e-05 -1.3973243947e-01 -3.7919848633e-03 4.5813344117e-03 -2.7573030776e-01 4.3393585508e-03 -5.2351519857e-03 -1.0622012072e-01 -6.7413537093e-16 -4.1903649267e-15 -2.3936199699e-15 4.4241783702e-16 -5.4183321243e-16 3.2321055256e-16 8.3526720888e-15 1.5737639470e-14 1.2025374570e-14 -1.5923234455e-16 2.1121834064e-15 -6.0424094815e-16 -6.1624503931e-15 -1.2737217292e-14 -5.2472589318e-15 -9.9310719794e-16 3.0165664114e-15 -1.9029332390e-15 3.5914232079e-04 -4.1625529717e-04 1.2586350501e-03 1.1647465933e-04 -1.6144715785e-04 -5.6320457774e-05 3.4799767716e-04 -4.1806613337e-04 -7.4872648058e-05 6.0304990653e-05 2.2220161851e-03 -2.5302382999e-03 -9.6016418876e-03 5.8988971838e-04 -9.0582359843e-04 3.3387928928e-03 -5.6717427004e-03 6.8240505541e-03 2.6176195234e-03 2.2338745983e-03
-6.7045839154e-14 1.5008845945e-13 -1.3992412729e-15 -3.0352843607e-13 -1.5445265280e-13 2.0456656698e-13 -1.6776324040e-02 -1.0408443170e-05 2.8862965589e-05 -1.3961989417e-01 1.0116763004e-05 -3.7622088851e-05 1.3047491682e-01 -1.9643180549e-04 5.7213007694e-04 2.0666296409e-01 -9.5676473022e-04 2.7666372585e-03 9.4317130419e-02 1.2472480950e-03 -3.5965852156e-03 1.4253935668e-13 1.3956186101e-13 1.4157176455e-13 2.5633516156e-16 5.2694983417e-17 2.5092282194e-17 -3.6188823164e-15 -2.3281703153e-15 -2.4013595527e-15 -3.7974300021e-17 -1.6673626441e-16 1.3069362470e-17 -5.2377878052e-14 -5.0220918310e-14 -5.0128522416e-14 3.3345245531e-16 -1.2898323429e-15 3.2732261428e-16 8.9675119924e-05 1.1944079783e-04 -1.0524448302e-04 6.6034196802e-05 -3.7305096844e-05 1.0714022695e-04 5.3099916277e-04 -6.7907229214e-05 -1.2434059207e-04 -2.1228082260e-04 -1.5260735365e-03 6.9474760153e-04 2.0434854177e-04 -4.5903241931e-04 -4.4916328772e-04 1.2910222629e-03 3.4979813532e-03 -8.1127848574e-04 -6.2316460294e-04 -1.8067118339e-03
1.3305847766e-15 -3.6733974524e-15 -1.5846125045e-16 2.7279381083e-14 -4.7526472233e-14 -1.7527212799e-15 -1.0408243564e-05 -1.6769079403e-02 -3.3543353841e-05 1.0119835253e-05 -1.3959701475e-01 5.4683424768e-05 -1.9643180549e-04 1.3052587227e-01 -6.9630914255e-04 -9.5682160243e-04 2.0697415634e-01 -3.3453145214e-03 1.2473342363e-03 9.3879992699e-02 4.3378333712e-03 4.4055682377e-15 -1.9629796491e-15 -3.0299269168e-15 2.4726574948e-15 -1.4188652597e-16 2.1298901332e-15 1.1298712130e-14 9.6984047281e-15 1.0169575279e-14 -5.2013666782e-16 -2.4987663563e-17 -1.3817849768e-16 -1.0691528606e-15 -3.1672849992e-16 2.0418083888e-17 -1.2736904455e-15 4.0106614914e-16 -9.7568658202e-16 1.2292816506e-04 8.4129406650e-05 1.2655536668e-04 -4.1989437414e-05 2.8073782929e-05 1.6594329638e-04 -6.7899565977e-05 5.5618882317e-04 -1.4501589729e-04 1.9217161179e-04 7.2721622902e-04 -1.4576403083e-03 -2.4510283618e-04 -4.9276403544e-04 -7.2410500295e-04 9.0152712323e-04 -8.1121889871e-04 3.8011313071e-03 -1.7035570579e-03 1.6468547593e-03
-9.5192435579e-15 2.0064330539e-14 -2.2914720767e-14 -4.9687986023e-15 1.8144531780e-15 3.4517695441e-14 2.8862841383e-05 -3.3544006340e-05 -1.6683890269e-02 -3.7623396835e-05 5.4673813152e-05 -1.3973243947e-01 5.7213007694e-04 -6.9630914255e-04 1.3228440390e-01 2.7666510055e-03 -3.3451410455e-03 2.1542901301e-01 -3.5966007525e-03 4.3375698246e-03 8.2913400971e-02 1.0138482799e-15 -4.3428785274e-16 3.6300426998e-16 4.7539614654e-16 2.8503459548e-15 8.6725868830e-16 4.7499071870e-15 5.2363249531e-15 3.3961454128e-15 2.0210513861e-16 -8.4385441692e-16 5.7995430447e-16 -2.9971763196e-15 -2.9103796723e-15 -6.9239367133e-15 5.3028761490e-16 -2.6090170652e-15 1.1630087534e-15 -3.5358564634e-04 4.1335392090e-04 6.9680827019e-04 -1.2434563865e-04 1.6594561343e-04 -3.9156677821e-04 4.4032934204e-04 -5.2980521147e-04 -3.2843177863e-04 -1.9516557588e-04 -2.0927070278e-03 2.4067319673e-03 7.0225150902e-03 -6.2320057582e-04 9.0153676447e-04 -3.0037999824e-03 4.3728766375e-03 -5.2614370514e-03 -2.4357491732e-03 -1.7593585145e-03
-1.3955175214e-13 3.0999960238e-13 -3.3975103036e-14 -5.6937037351e-13 -2.7434031956e-13 3.8254443004e-13 -3.3602022796e-02 1.6632557829e-04 -4.8048225766e-04 -2.6371293545e-01 1.3125378348e-03 -3.7919848633e-03 2.0666296409e-01 -9.5682160243e-04 2.7666510055e-03 3.2886384810e-01 -2.6170420005e-03 7.5557833095e-03 1.4999536726e-01 1.5712363483e-03 -4.5315070217e-03 2.5587727540e-13 2.5435507880e-13 2.5959518820e-13 4.6553068926e-16 8.8134111209e-16 2.2645194180e-18 -3.3830713222e-15 -9.0597063999e-16 -7.7620598232e-16 -5.1429155179e-17 -1.8330548331e-16 -6.9506338400e-18 -9.4631010305e-14 -9.1169754278e-14 -9.1239364180e-14 5.6587784738e-16 -2.1385147980e-15 6.2056214037e-16 1.7025282012e-04 1.9391636398e-04 -1.5754639937e-04 1.1599586879e-04 -4.6157689044e-05 1.3253311136e-04 8.1173432736e-04 -1.1702669550e-04 -2.0023416853e-04 -3.1763938460e-04 -2.4733389497e-03 1.1415533595e-03 4.4647055668e-04 -7.4226235946e-04 -6.9875847910e-04 2.0083823320e-03 5.6196351308e-03 -1.3893572055e-03 -1.0103369621e-03 -2.9047354842e-03
1.6178437263e-15 -4.7704797231e-15 1.2388870267e-16 3.8025246358e-14 -7.2170262743e-14 3.7932235953e-15 1.6631663000e-04 -3.3657525657e-02 5.8045621224e-04 1.3124700769e-03 -2.6414994478e-01 4.5813344117e-03 -9.5676473022e-04 2.0697415634e-01 -3.3451410455e-03 -2.6170420005e-03 3.2975135164e-01 -9.1231803744e-03 1.5714125613e-03 1.4944645791e-01 5.4661725997e-03 -1.5014538071e-15 3.0071170038e-15 1.0450266586e-16 -2.1326063205e-15 -2.4292977184e-15 -1.9581207725e-15 1.4652135878e-14 1.4066466627e-14 1.4710600713e-14 -1.6400479388e-15 -3.0788316964e-16 -9.4153194699e-16 -3.5552782357e-15 -2.2351281603e-15 -1.6443195922e-15 -2.0970577114e-15 6.6262941699e-16 -1.6136369382e-15 1.9977642449e-04 1.5516052211e-04 1.8940985471e-04 -5.4021796626e-05 5.7040471123e-05 2.6835721521e-04 -1.1702101231e-04 8.5512612515e-04 -1.8653616348e-04 2.9040691961e-04 1.1965494961e-03 -2.3771138807e-03 -5.3614121434e-04 -7.7254955376e-04 -1.1708692074e-03 1.4725578021e-03 -1.3893188308e-03 6.1385292572e-03 -2.6707439151e-03 2.6600653668e-03
-1.9604159231e-14 4.1452781586e-14 -4.1425033134e-14 -2.1683179771e-14 8.5835801202e-15 6.2671518118e-14 -4.8048021591e-04 5.8048347326e-04 -3.5124775292e-02 -3.7919693811e-03 4.5815409136e-03 -2.7573030776e-01 2.7666372585e-03 -3.3453145214e-03 2.1542901301e-01 7.5557833095e-03 -9.1231803744e-03 3.5281342572e-01 -4.5315415308e-03 5.4656344838e-03 1.3562770973e-01 -6.2859148604e-16 -3.2596045651e-15 1.7114558491e-14 -4.2299015904e-15 6.7656624492e-15 -4.0995542562e-15 6.1219591757e-15 6.5761594147e-15 6.3421890538e-15 -3.1542462350e-16 -1.1248222683e-15 2.1957385238e-16 -5.8329204999e-15 -5.4266444982e-15 -1.2010963118e-14 8.7245229349e-16 -4.2936740855e-15 1.9315774762e-15 -5.7462402046e-04 6.7108153286e-04 1.0521727177e-03 -2.0023700035e-04 2.6835856995e-04 -6.2158220702e-04 6.9210330343e-04 -8.3277890949e-04 -5.1922655505e-04 -3.1652546318e-04 -3.4432939479e-03 3.9545117325e-03 1.1531006046e-02 -1.0103509230e-03 1.4725553119e-03 -4.8944872174e-03 7.2270547868e-03 -8.6956822232e-03 -3.9469812056e-03 -2.9345456110e-03
-6.0291292282e-14 1.3432635295e-13 -9.6927922022e-15 -2.5365601331e-13 -1.3022165112e-13 1.6919571505e-13 -1.5273541559e-02 -1.9003529383e-04 5.4820479455e-04 -1.1997758842e-01 -1.5043607455e-03 4.3393585508e-03 9.4317130419e-02 1.2473342363e-03 -3.5966007525e-03 1.4999536726e-01 1.5714125613e-03 -4.5315415308e-03 6.8613648273e-02 1.7561190255e-03 -5.0682123813e-03 1.1777760569e-13 1.1701953696e-13 1.1448117066e-13 6.1181098511e-17 4.6997332240e-16 -4.3263358287e-17 -1.1786201826e-15 -8.3880028242e-17 -6.0745138547e-16 -5.9668253679e-17 -3.0214569953e-17 -3.0025385361e-17 -4.2789207463e-14 -4.1206314385e-14 -4.1076818477e-14 2.1558889908e-16 -8.5681240069e-16 2.0664168569e-16 9.1914160345e-05 7.4675653278e-05 -9.4361649389e-05 5.6925420557e-05 -2.6775318075e-05 7.6897966076e-05 3.5449404437e-04 -2.7937243687e-05 -8.1248380877e-05 -1.3585971146e-04 -1.0428487348e-03 4.1417393297e-04 -5.8877621756e-05 -3.2224719577e-04 -3.6124511062e-04 1.0384357787e-03 2.3936514810e-03 -3.9178190014e-04 -3.9364388504e-04 -1.2400875208e-03
-3.7042251856e-15 7.4373501352e-15 -6.6704707960e-15 5.3566764734e-15 -2.6423687752e-14 1.3242563971e-14 -1.9002124198e-04 -1.5207732592e-02 -6.6142192748e-04 -1.5042493271e-03 -1.1945553612e-01 -5.2351519857e-03 1.2472480950e-03 9.3879992699e-02 4.3375698246e-03 1.5712363483e-03 1.4944645791e-01 5.4656344838e-03 1.7561190255e-03 6.8011948441e-02 6.1173953736e-03 4.2615976718e-15 2.7658892670e-15 2.2987230981e-15 2.3753373370e-15 7.3180659469e-16 1.7349930931e-15 6.7658754986e-15 6.0738774689e-15 6.3966007353e-15 -2.9807939304e-16 4.6856256151e-17 -5.8065895686e-17 -2.8809356780e-15 -2.2759644803e-15 -2.2617502753e-15 -8.8301423366e-16 1.5255165349e-16 -6.2071355849e-16 7.6427117748e-05 8.9899925688e-05 1.1360040659e-04 -2.9158817302e-05 3.2673084593e-05 1.0601685003e-04 -2.7902684678e-05 3.6494577106e-04 -1.0069213721e-04 1.2091737274e-04 4.3083974510e-04 -9.6318285751e-04 7.2192641162e-05 -3.8388428179e-04 -4.9709824036e-04 5.5169597749e-04 -3.9148725524e-04 2.5409896722e-03 -1.3273136392e-03 1.1057487581e-03
5.8775393754e-15 -1.3092803790e-14 3.8912025340e-15 2.9750303859e-14 -2.0895318062e-14 -7.4147163447e-15 5.4820216822e-04 -6.6146487204e-04 -1.3535552711e-02 4.3393377283e-03 -5.2354925183e-03 -1.0622012072e-01 -3.5965852156e-03 4.3378333712e-03 8.2913400971e-02 -4.5315070217e-03 5.4661725997e-03 1.3562770973e-01 -5.0682123813e-03 6.1173953736e-03 5.2547362483e-02 -5.0344182547e-15 -5.4105906854e-15 -9.5540711739e-15 1.3147808924e-15 1.4950811216e-16 8.3057157298e-16 4.5066575728e-15 4.6729293186e-15 3.0158900474e-15 2.3468183809e-16 -7.5969583724e-16 3.9384352208e-16 1.1173947763e-15 1.2481965387e-15 -1.0952023548e-15 2.5820011735e-16 -1.5042638594e-15 5.8213358418e-16 -2.1985291431e-04 2.5848261052e-04 4.1420812953e-04 -8.1273251917e-05 1.0602839770e-04 -2.3544455601e-04 2.4528674035e-04 -2.9508618741e-04 -2.0088621131e-04 -1.0688553385e-04 -1.2398554585e-03 1.4348866399e-03 4.4220078152e-03 -3.9385417163e-04 5.5178409807e-04 -1.8923905773e-03 2.6230906760e-03 -3.1556934608e-03 -1.5715009529e-03 -9.9439243606e-04
-1.0243652716e-02 2.3303375031e-02 -2.2486083133e-02 -4.1158319599e-02 5.2054922618e-02 6.0211556784e-02 -1.6761132133e-13 -7.3038226377e-15 -4.0802948066e-16 -1.0583803913e-12 -5.3746516283e-14 -6.7413537093e-16 1.4253935668e-13 4.4055682377e-15 1.0138482799e-15 2.5587727540e-13 -1.5014538071e-15 -6.2859148604e-16 1.1777760569e-13 4.2615976718e-15 -5.0344182547e-15 8.6827633728e-01 -4.2581802138e-01 -4.2445414286e-01 -8.9812376710e-05 2.5777386419e-04 -6.2270830113e-04 1.1229650769e-01 -5.8388761861e-02 -5.8936273287e-02 -6.0532028061e-05 1.7434919332e-04 2.4997692783e-04 2.4132954023e-03 -9.2121160238e-03 -8.8241751269e-03 1.4045326329e-04 -4.0405966218e-04 -1.7709909121e-04 -7.8165486781e-16 -1.6492333480e-15 -2.8185102694e-16 1.0630600486e-15 -7.9964333311e-16 -9.8545542039e-16 3.8906050512e-16 -1.0066194431e-15 -3.3747263924e-16 2.8283909320e-16 -2.3882216526e-15 8.4364416139e-16 -2.1588397084e-15 -1.4811862754e-16 -5.8285380721e-16 4.2315592880e-16 4.4360551717e-15 -9.7516199143e-16 -1.7259800903e-15 -2.0811450065e-15
-1.0339396918e-02 2.3513930312e-02 -2.2729214547e-02 -4.1360471666e-02 5.3127184612e-02 5.9091508800e-02 -1.6852058594e-13 -1.0537336449e-14 -1.2100482593e-15 -1.0582341556e-12 -5.6884632119e-14 -4.1903649267e-15 1.3956186101e-13 -1.9629796491e-15 -4.3428785274e-16 2.5435507880e-13 3.0071170038e-15 -3.2596045651e-15 1.1701953696e-13 2.7658892670e-15 -5.4105906854e-15 -4.2581802138e-01 8.6833733489e-01 -4.2439892989e-01 -8.9363502133e-05 5.1639245564e-04 -3.0787179195e-04 -5.8472872018e-02 1.1225022171e-01 -5.9041749633e-02 -6.0795902226e-05 -2.0701356768e-04 -2.1105939108e-04 -8.9425173402e-03 2.5924608591e-03 -8.5371677581e-03 1.4043033912e-04 1.4747874607e-04 4.8612723055e-04 2.6167964722e-15 1.8471109176e-15 1.1499855063e-16 -5.2333948994e-16 1.1192775961e-15 -2.4208463556e-16 2.6827422782e-16 8.6338245347e-16 -2.5340629879e-16 3.2093083799e-16 -1.3690960633e-15 9.4376538758e-16 -4.8040790300e-16 -1.2904159469e-15 2.0331135624e-16 1.4312575203e-15 4.1291326587e-15 3.0649570208e-17 -1.2806790078e-15 -2.1366757425e-15
-1.2508354962e-02 2.8284065034e-02 -2.8229285193e-02 -4.6018551393e-02 7.7717677252e-02 3.3452447369e-02 -1.6828517709e-13 -9.0424952822e-15 4.2157705976e-16 -1.0591935912e-12 -5.2652625134e-14 -2.3936199699e-15 1.4157176455e-13 -3.0299269168e-15 3.6300426998e-16 2.5959518820e-13 1.0450266586e-16 1.7114558491e-14 1.1448117066e-13 2.2987230981e-15 -9.5540711739e-15 -4.2445414286e-01 -4.2439892989e-01 8.6960325393e-01 -1.6865315968e-04 2.2488094891e-04 -2.6999226034e-04 -6.0981351746e-02 -6.1002651962e-02 1.1126228160e-01 6.5546949538e-05 1.9365998224e-04 -2.3325282958e-04 -2.3971356744e-03 -2.3797746473e-03 6.6306236738e-03 -5.2635759339e-05 -4.0017713677e-04 4.8151837310e-04 1.9027130152e-15 8.0704293105e-16 -1.3265349449e-15 7.8150168380e-16 3.7700797558e-16 -8.3720930012e-16 -1.3798129759e-15 -4.0125449141e-16 -4.5401287334e-16 2.3737409980e-16 -4.1002198861e-15 3.9438993951e-15 -7.8949555825e-15 -1.8073112750e-15 3.7548317876e-16 -2.1247595878e-15 2.2116376552e-15 1.0964694779e-16 -3.9323114658e-15 -2.1598816648e-15
2.8685447976e-04 -6.3086908012e-04 7.2748251917e-04 6.1530428150e-04 -3.2493502839e-03 3.3883527869e-03 -1.3348840896e-17 7.4143048688e-16 -1.6958365334e-16 -2.9463180547e-16 1.0364830723e-15 4.4241783702e-16 2.5633516156e-16 2.4726574948e-15 4.7539614654e-16 4.6553068926e-16 -2.1326063205e-15 -4.2299015904e-15 6.1181098511e-17 2.3753373370e-15 1.3147808924e-15 -8.9812376710e-05 -8.9363502133e-05 -1.6865315968e-04 8.6274840881e-01 1.8494959407e-04 -1.5509175321e-04 1.9828808035e-04 1.9801174565e-04 3.2437094986e-04 1.1380367492e-01 -2.6804307890e-04 2.2356635365e-04 -6.7341748775e-04 -6.7344182569e-04 -8.6651297531e-04 7.7203151905e-03 3.8252171034e-04 -3.1776815341e-04 2.2867247447e-17 -6.8918562998e-16 4.7640775001e-17 -5.0691443274e-17 -2.1049485729e-15 1.6402221388e-16 -4.2292815106e-17 -2.7496447716e-16 -2.1138661554e-16 -1.3123859298e-16 -4.4216286314e-16 9.8810160934e-16 1.3350868528e-15 -1.2244933190e-16 -5.1701400541e-16 7.2435272043e-16 1.3705089026e-17 4.4539500536e-16 5.3802206491e-16 -2.6750346485e-16
-8.2394846112e-04 1.8120855526e-03 -2.0894731379e-03 -1.7685598494e-03 9.3378214859e-03 -9.7365719692e-03 -1.2749292291e-16 -1.6383483081e-16 6.0735315572e-16 -5.6049441774e-16 -5.9283406244e-17 -5.4183321243e-16 5.2694983417e-17 -1.4188652597e-16 2.8503459548e-15 8.8134111209e-16 -2.4292977184e-15 6.7656624492e-15 4.6997332240e-16 7.3180659469e-16 1.4950811216e-16 2.5777386419e-04 5.1639245564e-04 2.2488094891e-04 1.8494959407e-04 8.6228075717e-01 6.6523519556e-05 -5.6990960154e-04 -9.5124431368e-04 -5.5058980511e-04 -2.6804798941e-04 1.1448148811e-01 -8.5111570757e-05 1.9344307374e-03 2.4859532385e-03 1.9383104454e-03 3.8251787117e-04 6.7529569142e-03 1.0897418327e-04 3.4667208045e-16 3.3371797763e-16 -5.4705277957e-16 1.1828525717e-16 2.9350280778e-17 -1.9316697535e-15 -4.3871065565e-16 3.6821969913e-16 -5.4007083230e-16 4.0453308445e-18 -3.2009840959e-17 1.1199153049e-15 -3.0489730457e-15 3.9251664201e-16 4.8466320995e-16 -2.1915979891e-15 -2.4611051733e-16 5.8942128803e-16 -1.3804515820e-15 1.3826745361e-17
9.9019305558e-04 -2.1777070150e-03 2.5109268429e-03 2.1267127259e-03 -1.1226897345e-02 1.1705528093e-02 5.2761247647e-17 1.4147210387e-16 5.1439654644e-16 1.7664421445e-17 3.3141875282e-16 3.2321055256e-16 2.5092282194e-17 2.1298901332e-15 8.6725868830e-16 2.2645194180e-18 -1.9581207725e-15 -4.0995542562e-15 -4.3263358287e-17 1.7349930931e-15 8.3057157298e-16 -6.2270830113e-04 -3.0787179195e-04 -2.6999226034e-04 -1.5509175321e-04 6.6523519556e-05 8.6225656618e-01 1.1453365971e-03 6.8426330748e-04 6.6205931479e-04 2.2357563199e-04 -8.5127408649e-05 1.1451284510e-01 -2.9882573171e-03 -2.3250205124e-03 -2.3296058520e-03 -3.1777279466e-04 1.0898254359e-04 6.7121143457e-03 -1.3607707478e-16 -5.6945291195e-16 -2.3936624301e-16 -7.5731671794e-17 -3.8704202230e-16 1.5628453035e-16 -7.5860915370e-17 -6.3390061355e-16 1.3040043749e-16 -9.3065060753e-16 -1.5721420771e-16 9.1840440707e-17 1.2047746611e-15 -1.8107753127e-17 3.2576208377e-16 -4.1008946899e-17 -8.7279235946e-17 -1.6074119211e-16 7.8294689234e-16 -2.9652370738e-16
1.4318582841e-02 -3.0124612772e-02 2.4904536344e-02 2.7098004794e-02 -2.7082960069e-02 -2.0362686355e-02 -1.5946572066e-14 7.7226456066e-15 1.5754269186e-15 -9.6298514140e-14 4.2527572604e-14 8.3526720888e-15 -3.6188823164e-15 1.1298712130e-14 4.7499071870e-15 -3.3830713222e-15 1.4652135878e-14 6.1219591757e-15 -1.1786201826e-15 6.7658754986e-15 4.5066575728e-15 1.1229650769e-01 -5.8472872018e-02 -6.0981351746e-02 1.9828808035e-04 -5.6990960154e-04 1.1453365971e-03 1.6389695094e-02 -6.1344764212e-03 -6.5763399301e-03 2.1518627228e-05 -6.1933381843e-05 2.0176583247e-04 2.0072272637e-03 4.8707083879e-04 8.3769635093e-04 -2.2097836982e-05 6.3599508256e-05 -1.6009851734e-04 -3.1035880924e-16 -3.5034159925e-16 2.8513763819e-16 -6.4830224880e-18 -1.2713185688e-16 -6.4010766885e-17 -2.5068417597e-17 -3.1206919187e-17 4.7274386593e-17 5.8755262938e-17 1.2845013570e-16 -6.6993896721e-16 2.2057089399e-15 1.0352130740e-16 -3.2696184767e-16 7.5249914394e-16 1.8929864895e-16 -3.0145162111e-16 6.0877823906e-16 9.4151738215e-17
1.4308423895e-02 -3.0101706482e-02 2.4875720243e-02 2.7072193133e-02 -2.6937737549e-02 -2.0510065321e-02 -1.6336905496e-14 7.2711398636e-15 2.7980698146e-15 -9.8407298485e-14 4.2183659038e-14 1.5737639470e-14 -2.3281703153e-15 9.6984047281e-15 5.2363249531e-15 -9.0597063999e-16 1.4066466627e-14 6.5761594147e-15 -8.3880028242e-17 6.0738774689e-15 4.6729293186e-15 -5.8388761861e-02 1.1225022171e-01 -6.1002651962e-02 1.9801174565e-04 -9.5124431368e-04 6.8426330748e-04 -6.1344764212e-03 1.6376013411e-02 -6.5942271347e-03 2.1434933036e-05 -1.6734490385e-04 7.4253837809e-05 5.1000502214e-04 2.0442151669e-03 8.7551159261e-04 -2.2095507246e-05 1.3303148063e-04 -7.6575235150e-05 1.3666887912e-16 1.1479870174e-16 3.5334962283e-16 -2.1513512102e-16 1.2683969813e-16 2.9768383806e-17 -2.5864305944e-17 2.0143832221e-16 5.3803016606e-17 5.8343936727e-17 2.2856366198e-16 -6.2820483798e-16 2.4517245496e-15 -5.4199844094e-17 -2.2060677384e-16 8.8402097812e-16 2.1313677846e-16 -2.1861314362e-16 6.5727716240e-16 4.8198913140e-17
1.4016586200e-02 -2.9450141169e-02 2.4108624624e-02 2.6326382302e-02 -2.3431891751e-02 -2.3738264525e-02 -1.6211484337e-14 7.2643200672e-15 2.2686782761e-15 -9.7860749156e-14 4.1329083462e-14 1.2025374570e-14 -2.4013595527e-15 1.0169575279e-14 3.3961454128e-15 -7.7620598232e-16 1.4710600713e-14 6.3421890538e-15 -6.0745138547e-16 6.3966007353e-15 3.0158900474e-15 -5.8936273287e-02 -5.9041749633e-02 1.1126228160e-01 3.2437094986e-04 -5.5058980511e-04 6.6205931479e-04 -6.5763399301e-03 -6.5942271347e-03 1.6065949877e-02 5.6142009438e-05 -5.5915230284e-05 6.7332025874e-05 1.3646380961e-03 1.3794444903e-03 2.8822849832e-03 -4.6074620148e-05 6.3119554089e-05 -7.6006460600e-05 5.0995583234e-17 -2.6409113644e-17 1.4050489005e-16 -4.0656088264e-17 2.6840362945e-17 -4.1673333492e-17 -2.5794783294e-16 4.8953195495e-17 3.3035359431e-17 5.2025984647e-17 -9.8519574797e-17 -2.6787138692e-16 1.3545403754e-15 -1.1705951149e-16 -2.1074075158e-16 4.4798539242e-16 -1.1631481552e-16 -1.1325955997e-16 3.2666484112e-16 8.1497070862e-17
3.8009000161e-05 -8.4908623450e-05 1.0036286332e-04 9.7102759402e-05 -4.6160706009e-04 4.2799621221e-04 3.2270057406e-17 2.7399658780e-16 -5.1483798422e-17 1.8763672423e-16 1.4504002173e-15 -1.5923234455e-16 -3.7974300021e-17 -5.2013666782e-16 2.0210513861e-16 -5.1429155179e-17 -1.6400479388e-15 -3.1542462350e-16 -5.9668253679e-17 -2.9807939304e-16 2.3468183809e-16 -6.0532028061e-05 -6.0795902226e-05 6.5546949538e-05 1.1380367492e-01 -2.6804798941e-04 2.2357563199e-04 2.1518627228e-05 2.1434933036e-05 5.6142009438e-05 1.5011828674e-02 -7.4198872288e-05 6.1917669148e-05 -8.8902771540e-05 -8.8892218821e-05 -1.1288674945e-04 1.0181051217e-03 4.8283473964e-05 -4.0156197153e-05 1.3671796714e-18 -9.1686451928e-17 6.3729041229e-18 -6.7539308890e-18 -2.7795026480e-16 2.0985554150e-17 -4.8264844751e-18 -4.0299237839e-17 -2.7212395881e-17 -1.8833311909e-17 -6.4173559038e-17 1.4137748651e-16 1.8791456457e-16 -1.3231530890e-17 -6.2525409686e-17 8.7174715589e-17 9.8887726662e-18 2.8395907549e-17 8.1282425169e-17 -4.6932467774e-17
-1.1010891415e-04 2.4589476801e-04 -2.9000717139e-04 -2.8134917341e-04 1.3291651734e-03 -1.2276876722e-03 4.0695889902e-17 -1.9823221097e-17 3.8242685373e-16 3.2561531863e-16 3.5388577429e-18 2.1121834064e-15 -1.6673626441e-16 -2.4987663563e-17 -8.4385441692e-16 -1.8330548331e-16 -3.0788316964e-16 -1.1248222683e-15 -3.0214569953e-17 4.6856256151e-17 -7.5969583724e-16 1.7434919332e-04 -2.0701356768e-04 1.9365998224e-04 -2.6804307890e-04 1.1448148811e-01 -8.5127408649e-05 -6.1933381843e-05 -1.6734490385e-04 -5.5915230284e-05 -7.4198872288e-05 1.5199456912e-02 -2.3831161263e-05 2.5525301190e-04 3.2465772973e-04 2.5476648354e-04 4.8286069195e-05 8.9599162519e-04 1.4148951105e-05 4.9254145474e-17 4.0410821998e-17 -7.8288677445e-17 1.7039708374e-17 2.8681901239e-18 -2.5358355432e-16 -6.2581774896e-17 5.2872317742e-17 -6.9162710360e-17 2.6041162928e-18 1.6073542128e-17 1.2735955046e-16 -4.7891435577e-16 5.7875998360e-17 5.7606934809e-17 -2.6805772013e-16 -7.9353735902e-17 1.2939666019e-16 -1.6274712085e-16 2.0766613602e-17
1.3335916124e-04 -2.9773101032e-04 3.5043608360e-04 3.4081519134e-04 -1.6009637110e-03 1.4735396727e-03 1.4307994220e-16 7.7232648424e-17 -1.6310889528e-17 8.2132991840e-16 5.1725160500e-16 -6.0424094815e-16 1.3069362470e-17 -1.3817849768e-16 5.7995430447e-16 -6.9506338400e-18 -9.4153194699e-16 2.1957385238e-16 -3.0025385361e-17 -5.8065895686e-17 3.9384352208e-16 2.4997692783e-04 -2.1105939108e-04 -2.3325282958e-04 2.2356635365e-04 -8.5111570757e-05 1.1451284510e-01 2.0176583247e-04 7.4253837809e-05 6.7332025874e-05 6.1917669148e-05 -2.3831161263e-05 1.5208231477e-02 -3.9015996087e-04 -3.0660392096e-04 -3.0602878543e-04 -4.0163975200e-05 1.4159954055e-05 8.9067250878e-04 -2.2038990350e-17 -7.5779999668e-17 -2.9167276761e-17 -1.0417212906e-17 -5.2176285489e-17 1.9901896961e-17 -7.1775224307e-18 -8.8032943052e-17 1.7132965182e-17 -1.2545600280e-16 -2.9208497708e-17 2.3011083499e-17 1.9361797869e-16 -1.6452092980e-18 4.7371202733e-17 -1.5394167004e-17 7.7579900655e-18 -5.3591084517e-17 1.0431618998e-16 -5.0904471416e-17
1.2654087538e-02 -2.6976256502e-02 2.2989263600e-02 2.8276984992e-02 -3.1059272830e-02 -2.6118717695e-02 5.7905986842e-14 1.0578956621e-14 -1.1510972076e-15 3.6541083587e-13 6.4436984580e-14 -6.1624503931e-15 -5.2377878052e-14 -1.0691528606e-15 -2.9971763196e-15 -9.4631010305e-14 -3.5552782357e-15 -5.8329204999e-15 -4.2789207463e-14 -2.8809356780e-15 1.1173947763e-15 2.4132954023e-03 -8.9425173402e-03 -2.3971356744e-03 -6.7341748775e-04 1.9344307374e-03 -2.9882573171e-03 2.0072272637e-03 5.1000502214e-04 1.3646380961e-03 -8.8902771540e-05 2.5525301190e-04 -3.9015996087e-04 1.6156227218e-03 1.5253936232e-03 1.8752829677e-03 -4.2919603475e-05 1.2346613967e-04 -1.5976268070e-04 -4.5782266238e-16 -1.9507828697e-16 2.1464001160e-16 -2.1177820815e-16 -1.0448110636e-16 2.5614450329e-16 1.3895177171e-17 1.1828021716e-16 1.3955339474e-16 -7.3768528507e-17 9.9763426119e-16 -8.8502261485e-16 1.7527112823e-15 3.8997415423e-16 -8.5442803226e-17 3.2255530904e-16 -1.4272110838e-15 4.3498920641e-17 1.1662217392e-15 7.9454166340e-16
1.2737137075e-02 -2.7155273205e-02 2.3145555077e-02 2.8486794879e-02 -3.1302298975e-02 -2.6336582674e-02 5.7545187539e-14 1.0324442016e-14 -2.2330825148e-15 3.6263654555e-13 6.2809340544e-14 -1.2737217292e-14 -5.0220918310e-14 -3.1672849992e-16 -2.9103796723e-15 -9.1169754278e-14 -2.2351281603e-15 -5.4266444982e-15 -4.1206314385e-14 -2.2759644803e-15 1.2481965387e-15 -9.2121160238e-03 2.5924608591e-03 -2.3797746473e-03 -6.7344182569e-04 2.4859532385e-03 -2.3250205124e-03 4.8707083879e-04 2.0442151669e-03 1.3794444903e-03 -8.8892218821e-05 3.2465772973e-04 -3.0660392096e-04 1.5253936232e-03 1.6433682498e-03 1.8926853694e-03 -4.3239604437e-05 1.3367924402e-04 -1.4969375218e-04 -4.2632164917e-16 -1.6147915286e-16 2.0829506448e-16 -2.2534108518e-16 -8.7685325804e-17 2.6693314839e-16 1.6554978168e-17 1.4145534869e-16 1.4086881891e-16 -7.6230859679e-17 9.8534069785e-16 -8.8425961739e-16 1.8015421452e-15 3.7009429866e-16 -9.2021332313e-17 3.6141170799e-16 -1.3667720788e-15 4.9311693282e-17 1.1536062875e-15 7.7050515066e-16
1.4708117991e-02 -3.1403401590e-02 2.6854144738e-02 3.3459756552e-02 -3.7064934718e-02 -3.1488284733e-02 5.7655676469e-14 1.0260558211e-14 -1.1780181940e-15 3.6318230230e-13 6.2299464898e-14 -5.2472589318e-15 -5.0128522416e-14 2.0418083888e-17 -6.9239367133e-15 -9.1239364180e-14 -1.6443195922e-15 -1.2010963118e-14 -4.1076818477e-14 -2.2617502753e-15 -1.0952023548e-15 -8.8241751269e-03 -8.5371677581e-03 6.6306236738e-03 -8.6651297531e-04 1.9383104454e-03 -2.3296058520e-03 8.3769635093e-04 8.7551159261e-04 2.8822849832e-03 -1.1288674945e-04 2.5476648354e-04 -3.0602878543e-04 1.8752829677e-03 1.8926853694e-03 2.3566019324e-03 -5.4059555892e-05 1.4622305290e-04 -1.7597745407e-04 -4.5920940466e-16 -2.0019821437e-16 2.2421742485e-16 -2.2438218650e-16 -1.0085121423e-16 2.8760923033e-16 -4.9344713982e-18 1.4947492657e-16 1.7503863001e-16 -7.7903150103e-17 1.0677281511e-15 -1.0546917159e-15 1.9264921874e-15 4.1067285848e-16 -1.7656281916e-16 5.9651797470e-16 -1.4858299153e-15 1.4532998245e-16 1.3670367330e-15 8.2609340795e-16
-2.5981792217e-04 5.5999888383e-04 -4.8887792526e-04 -6.5560194795e-04 7.5968557511e-04 6.7927710072e-04 -6.1992389087e-17 2.3545409947e-16 -1.4102886573e-16 -4.6337128314e-16 1.7696384529e-15 -9.9310719794e-16 3.3345245531e-16 -1.2736904455e-15 5.3028761490e-16 5.6587784738e-16 -2.0970577114e-15 8.7245229349e-16 2.1558889908e-16 -8.8301423366e-16 2.5820011735e-16 1.4045326329e-04 1.4043033912e-04 -5.2635759339e-05 7.7203151905e-03 3.8251787117e-04 -3.1777279466e-04 -2.2097836982e-05 -2.2095507246e-05 -4.6074620148e-05 1.0181051217e-03 4.8286069195e-05 -4.0163975200e-05 -4.2919603475e-05 -4.3239604437e-05 -5.4059555892e-05 7.0367906542e-05 3.5752442534e-06 -1.8993874543e-06 2.6973550164e-18 -2.9193484141e-18 -4.6706704099e-18 1.3750118658e-18 -1.8322116474e-17 -3.9222301328e-18 2.8589587113e-18 -9.6812795533e-18 -6.0268059451e-18 -2.8947655581e-18 -2.8054234060e-17 4.9981979321e-17 -1.0417680735e-17 -2.9654060539e-18 1.2380399992e-17 -3.3547012559e-17 3.0673884875e-17 -4.6659536109e-17 -1.1471731262e-17 -3.0002633356e-17
7.4764560011e-04 -1.6114330237e-03 1.4067740428e-03 1.8864512044e-03 -2.1859796006e-03 -1.9543972333e-03 2.0872971570e-16 -3.5539569344e-17 3.7713366893e-16 1.6128038539e-15 -3.1500099270e-16 3.0165664114e-15 -1.2898323429e-15 4.0106614914e-16 -2.6090170652e-15 -2.1385147980e-15 6.6262941699e-16 -4.2936740855e-15 -8.5681240069e-16 1.5255165349e-16 -1.5042638594e-15 -4.0405966218e-04 1.4747874607e-04 -4.0017713677e-04 3.8252171034e-04 6.7529569142e-03 1.0898254359e-04 6.3599508256e-05 1.3303148063e-04 6.3119554089e-05 4.8283473964e-05 8.9599162519e-04 1.4159954055e-05 1.2346613967e-04 1.3367924402e-04 1.4622305290e-04 3.5752442534e-06 6.1328922223e-05 -8.1052202707e-06 -3.8370521080e-18 -1.2480386892e-17 -2.3105510349e-20 -2.9921679493e-18 -3.9311837138e-18 -2.6747104175e-18 -1.6696904965e-17 1.7454055863e-17 1.3007663663e-17 3.8099096556e-18 7.3449646903e-17 -9.3762417749e-17 -1.2832707074e-17 2.8410645342e-17 -3.3001522176e-17 9.6479281353e-17 -1.1392292467e-16 1.0009540790e-16 1.0131688973e-16 5.6858505529e-17
