Pt 37
1.4528042575e-01 -3.5907891986e-01 3.7317257802e-01 1.3548927716e-01 4.2093348794e-03 1.7919181285e-04 -3.4192985802e-15 -9.5202947172e-15 3.5572690001e-15 -2.1404150432e-15 -2.7455316520e-15 1.2222975339e-15 -8.1817448793e-17 -2.1487742832e-16 1.2369980755e-16 7.9682620077e-04 7.9614985444e-04 7.9684059039e-04 4.3240098052e-07 1.7773710531e-06 -7.8159048860e-07 -4.2144564888e-04 -4.2155253327e-04 -4.2145206747e-04 1.4172286554e-07 4.0458276620e-07 -2.1016079251e-07 -2.6268815907e-15 -3.5288705898e-15 1.4193135338e-15 -1.1203718994e-15 -1.5937193699e-15 4.4164812904e-16 -1.3608655615e-15 -1.4766325870e-15 6.5323684416e-16 3.4637753455e-17
-3.5907891986e-01 8.8750889887e-01 -9.2234315493e-01 -3.3487885959e-01 -1.0403902753e-02 -4.4289519282e-04 1.0141906516e-14 2.3870508723e-14 -9.3629271132e-15 5.4906186809e-15 6.8261990190e-15 -3.0886910692e-15 2.0591318600e-16 5.3184537424e-16 -3.0702208859e-16 -1.9694772375e-03 -1.9677446483e-03 -1.9695117661e-03 -1.1273755736e-06 -4.5862753324e-06 2.0254483709e-06 1.0416508150e-03 1.0419307186e-03 1.0416669471e-03 -3.6542477920e-07 -1.0498735117e-06 5.4361500901e-07 6.5004745738e-15 8.7236299803e-15 -3.5106440656e-15 2.7726264449e-15 3.9397732671e-15 -1.0927885921e-15 3.3670551759e-15 3.6503800670e-15 -1.6157235117e-15 -8.5618492192e-17
3.7317257802e-01 -9.2234315493e-01 9.5854463717e-01 3.4802267816e-01 1.0812250427e-02 4.6027856524e-04 -3.0774476572e-14 -9.6827426158e-15 1.2232360303e-14 -8.1035332685e-15 -5.3020503755e-15 3.5064663777e-15 -2.5821403983e-16 -5.1948863602e-16 3.2485378361e-16 2.0469164612e-03 2.0447530142e-03 2.0469003545e-03 1.9077241187e-06 6.5695443506e-06 -3.1194316499e-06 -1.0824993605e-03 -1.0828839273e-03 -1.0825295467e-03 5.6979380229e-07 1.5566055364e-06 -8.2684613336e-07 -6.8490405216e-15 -8.9962582850e-15 3.6599557287e-15 -2.9231505430e-15 -4.0630814945e-15 1.1410419162e-15 -3.5411254637e-15 -3.7623592674e-15 1.6841659288e-15 8.9027033042e-17
1.3548927716e-01 -3.3487885959e-01 3.4802267816e-01 1.2635800131e-01 3.9256474755e-03 1.6711520599e-04 3.7818542929e-14 -1.9963864730e-14 -5.7084786699e-15 2.8625902918e-15 -3.8740342647e-15 7.0556124819e-17 1.3865973761e-17 -2.2483935358e-16 9.5638058149e-17 7.4361535602e-04 7.4126254867e-04 7.4387747064e-04 -2.8615523313e-07 3.1652386916e-06 -6.0521861086e-07 -3.9291561581e-04 -3.9345983043e-04 -3.9285740392e-04 -4.5788214673e-08 7.6651977817e-07 -1.6407499169e-07 -2.2603321777e-15 -3.3423489346e-15 1.2818604787e-15 -9.6032247759e-16 -1.5091996072e-15 3.9338441489e-16 -1.1844756050e-15 -1.3999186210e-15 5.9061147247e-16 3.2467650122e-17
4.2093348794e-03 -1.0403902753e-02 1.0812250427e-02 3.9256474755e-03 1.2196080494e-04 5.1919482133e-06 -2.3609401397e-14 -4.7543682598e-14 1.6652188839e-14 -2.8477304832e-15 -5.6797257543e-15 1.9957373811e-15 -5.4577875084e-17 -1.0980992853e-16 3.9098016028e-17 2.1096735846e-05 2.7868350923e-05 2.0277132555e-05 1.3741457799e-06 -8.1818803695e-06 1.0918814911e-06 -1.2724719187e-05 -1.0974697773e-05 -1.2936584343e-05 3.5555852572e-07 -2.1137560753e-06 2.8167098872e-07 -1.8519167882e-16 -3.2000213968e-16 1.1803627407e-16 -8.0608630108e-17 -1.4398634249e-16 4.6178033619e-17 -8.7680340326e-17 -1.4086033399e-16 5.3163751770e-17 3.5737411720e-19
1.7919181285e-04 -4.4289519282e-04 4.6027856524e-04 1.6711520599e-04 5.1919482133e-06 2.2118208462e-07 -9.4864141469e-15 -6.0084290035e-15 3.4996293514e-15 -1.1265573165e-15 -7.1425938649e-16 4.1529610025e-16 -2.2338158620e-17 -1.3531580797e-17 6.4482077272e-18 1.1818579713e-06 -2.2803605289e-07 1.9938349120e-06 -5.7007024856e-06 -7.4229979127e-06 6.1651818508e-06 -4.6845820295e-07 -8.3227790397e-07 -2.5886634278e-07 -1.4715858900e-06 -1.9163857924e-06 1.5915400205e-06 -4.6912090201e-17 -3.1865865402e-17 1.7831053796e-17 -2.1812092647e-17 -1.4811889867e-17 6.8863496168e-18 -2.0680817417e-17 -1.4316238498e-17 8.9592607206e-18 4.6817261615e-20
-3.4192985802e-15 1.0141906516e-14 -3.0774476572e-14 3.7818542929e-14 -2.3609401397e-14 -9.4864141469e-15 8.4263030901e-01 -2.9428995769e-07 3.8155882533e-07 9.9838730542e-02 -3.1026638215e-07 -2.1982648122e-07 1.8519009870e-03 -1.5831013936e-07 -5.3876947682e-08 -1.4940037038e-15 1.6327991908e-14 7.2955047634e-15 -2.9803496609e-14 -1.7484091687e-14 1.6692111649e-14 -3.0243747152e-14 3.1818305949e-14 2.3921883703e-14 -4.9626965150e-14 1.6628722848e-14 1.7308387466e-15 3.8917734192e-03 4.8834212561e-07 -3.2664280016e-08 1.7403406263e-03 6.1615158045e-08 1.7524467004e-07 1.7407843602e-03 6.6762681571e-08 -1.3329331619e-07 1.4691194433e-07
-9.5202947172e-15 2.3870508723e-14 -9.6827426158e-15 -1.9963864730e-14 -4.7543682598e-14 -6.0084290035e-15 -2.9428995769e-07 8.4262965535e-01 1.2054398801e-07 -3.1026639256e-07 9.9838504757e-02 2.8792814243e-07 -1.5831014168e-07 1.8517423688e-03 1.3184248579e-07 4.6963923455e-14 5.4949110250e-15 4.9663170670e-14 -4.4639416132e-15 4.7684718837e-15 1.8591205202e-14 3.4011303966e-14 -3.9739854726e-14 3.2044586437e-14 -3.2483473479e-14 8.8424370252e-16 1.9862503261e-14 4.8833298078e-07 3.8921224340e-03 -3.4897183552e-07 6.1677282642e-08 1.7407935688e-03 -6.5887342651e-08 6.6712832859e-08 1.7408482597e-03 -4.9044872034e-08 -2.9270696350e-08
3.5572690001e-15 -9.3629271132e-15 1.2232360303e-14 -5.7084786699e-15 1.6652188839e-14 3.4996293514e-15 3.8155882533e-07 1.2054398801e-07 8.4263041266e-01 -2.1982648020e-07 2.8792815938e-07 9.9838794878e-02 -5.3876947897e-08 1.3184248439e-07 1.8519380246e-03 -2.7102454928e-14 -1.4677107207e-14 1.1767922261e-14 -3.7525325852e-15 -4.7194792136e-14 -3.4678607006e-15 -1.5740366136e-14 -8.8877285102e-15 1.4541907360e-14 -9.3264666087e-15 -3.6296665544e-14 -4.1119593452e-14 -3.0218446333e-08 -3.2444347215e-07 3.8917075564e-03 -1.3327601156e-07 -6.5954274866e-08 1.7406998355e-03 1.7194593315e-07 -8.1886211350e-08 1.7403107960e-03 -2.6562823737e-07
-2.1404150432e-15 5.4906186809e-15 -8.1035332685e-15 2.8625902918e-15 -2.8477304832e-15 -1.1265573165e-15 9.9838730542e-02 -3.1026639256e-07 -2.1982648020e-07 1.1829353881e-02 -6.9392206145e-08 -5.7448772680e-08 2.1942178166e-04 -1.9362564779e-08 -6.9661287806e-09 2.4039360494e-14 -1.8389828425e-14 -3.0561188480e-15 3.8478307200e-14 3.0409061141e-15 -9.3633966577e-15 2.6757139548e-15 -1.4696357814e-15 1.8299707250e-15 4.9648187724e-15 3.2901197049e-15 -2.7226727544e-15 4.6111528799e-04 5.6589066009e-08 -5.0941721688e-09 2.0620359487e-04 6.7315238665e-09 2.0216311377e-08 2.0625617041e-04 7.3414133632e-09 -1.6340577295e-08 1.7406898765e-08
-2.7455316520e-15 6.8261990190e-15 -5.3020503755e-15 -3.8740342647e-15 -5.6797257543e-15 -7.1425938649e-16 -3.1026638215e-07 9.9838504757e-02 2.8792815938e-07 -6.9392206145e-08 1.1829309554e-02 6.6537900071e-08 -1.9362565031e-08 2.1940266189e-04 1.6222721110e-08 -1.5739477865e-14 4.4423129089e-14 -1.6610426366e-14 1.9019044793e-14 -3.6521472324e-15 -2.2092487733e-14 -1.4626677885e-15 6.5979959391e-15 -2.0031795246e-15 1.1971009149e-15 -9.8368831226e-16 -3.9182485218e-15 5.6587898776e-08 4.6115595559e-04 -4.0083883805e-08 6.7389578486e-09 2.0625695507e-04 -7.2413870131e-09 7.3355463030e-09 2.0626343509e-04 -5.2458417771e-09 -3.4682564106e-09
1.2222975339e-15 -3.0886910692e-15 3.5064663777e-15 7.0556124819e-17 1.9957373811e-15 4.1529610025e-16 -2.1982648122e-07 2.8792814243e-07 9.9838794878e-02 -5.7448772680e-08 6.6537900071e-08 1.1829367672e-02 -6.9661288084e-09 1.6222720908e-08 2.1942628445e-04 1.7872760729e-14 7.4231241573e-16 -2.2157811763e-14 1.7498946797e-15 4.7076658554e-14 2.3832971265e-14 3.5746442555e-15 -4.1566844808e-16 -4.3610190391e-15 -5.3858396683e-16 9.2960662102e-15 1.3863762744e-15 -4.8043565539e-09 -3.7177761131e-08 4.6110772472e-04 -1.6338540580e-08 -7.2492648240e-09 2.0624626306e-04 1.9825445961e-08 -9.1369390795e-09 2.0620016794e-04 -3.1472932442e-08
-8.1817448793e-17 2.0591318600e-16 -2.5821403983e-16 1.3865973761e-17 -5.4577875084e-17 -2.2338158620e-17 1.8519009870e-03 -1.5831014168e-07 -5.3876947897e-08 2.1942178166e-04 -1.9362565031e-08 -6.9661288084e-09 4.0700379000e-06 -6.9441373156e-10 -2.3868743069e-10 5.2416302443e-16 -2.7669912358e-15 2.2901497360e-15 6.7713053989e-14 5.4431513827e-14 -4.9215833816e-14 6.9921409107e-17 -6.5384950708e-16 6.4064306878e-16 1.7388095688e-14 1.4098514238e-14 -1.2710679128e-14 8.5531921693e-06 3.4503086129e-10 -3.2442779639e-10 3.8248547276e-06 -1.9029790891e-10 2.7212754076e-10 3.8258299284e-06 -1.7899407524e-10 -4.0594345199e-10 3.2290023357e-10
-2.1487742832e-16 5.3184537424e-16 -5.1948863602e-16 -2.2483935358e-16 -1.0980992853e-16 -1.3531580797e-17 -1.5831013936e-07 1.8517423688e-03 1.3184248439e-07 -1.9362564779e-08 2.1940266189e-04 1.6222720908e-08 -6.9441373156e-10 4.0693438935e-06 5.7892603804e-10 -1.5204379756e-14 3.4140227848e-14 -1.8714631352e-14 -5.9071186423e-15 -1.0961103178e-14 -2.3243378876e-14 -3.8757277668e-15 8.7236585470e-15 -4.7883930257e-15 -1.5942457714e-15 -2.8303014165e-15 -5.9671866683e-15 3.4495919922e-10 8.5532331431e-06 -1.5919152981e-10 -1.9011321853e-10 3.8255254460e-06 1.2698695776e-10 -1.7908258199e-10 3.8256456300e-06 1.6399654140e-10 -6.4393534675e-11
1.2369980755e-16 -3.0702208859e-16 3.2485378361e-16 9.5638058149e-17 3.9098016028e-17 6.4482077272e-18 -5.3876947682e-08 1.3184248579e-07 1.8519380246e-03 -6.9661287806e-09 1.6222721110e-08 2.1942628445e-04 -2.3868743069e-10 5.7892603804e-10 4.0702001919e-06 2.3665937401e-14 8.7367303066e-15 -3.2466780540e-14 3.8350645679e-14 9.0292901199e-14 -2.6788085127e-14 6.0902344213e-15 2.2436461080e-15 -8.3570386683e-15 9.8815800729e-15 2.3256822117e-14 -7.0040269571e-15 -3.1904707351e-10 -1.0533632273e-10 8.5532174628e-06 -4.0591272495e-10 1.2686811336e-10 3.8257202068e-06 2.6487781419e-10 9.1861016446e-11 3.8248651961e-06 -5.8381339617e-10
7.9682620077e-04 -1.9694772375e-03 2.0469164612e-03 7.4361535602e-04 2.1096735846e-05 1.1818579713e-06 -1.4940037038e-15 4.6963923455e-14 -2.7102454928e-14 2.4039360494e-14 -1.5739477865e-14 1.7872760729e-14 5.2416302443e-16 -1.5204379756e-14 2.3665937401e-14 7.7988794611e-01 -3.8994571005e-01 -3.8992911857e-01 5.2739097003e-06 1.3535387011e-06 7.7491019454e-06 2.0133971343e-01 -1.0066768909e-01 -1.0067910808e-01 -3.7361050371e-06 -1.0522486904e-06 -5.2517407509e-06 7.9238329683e-14 -5.1017023149e-14 2.2345334756e-14 -4.0248006995e-14 7.4997055888e-14 -3.2962514173e-14 -4.0619594024e-14 -2.2456941729e-14 1.0452250731e-14 -4.3165112980e-16
7.9614985444e-04 -1.9677446483e-03 2.0447530142e-03 7.4126254867e-04 2.7868350923e-05 -2.2803605289e-07 1.6327991908e-14 5.4949110250e-15 -1.4677107207e-14 -1.8389828425e-14 4.4423129089e-14 7.4231241573e-16 -2.7669912358e-15 3.4140227848e-14 8.7367303066e-15 -3.8994571005e-01 7.7990234098e-01 -3.8994359729e-01 6.2823717314e-06 -3.0073889955e-06 -3.5955957839e-06 -1.0066749810e-01 2.0132991014e-01 -1.0066894381e-01 -4.4308023940e-06 1.9631358121e-06 2.5812097744e-06 -4.0822650581e-14 1.0152115538e-13 2.5362192747e-14 5.6599415583e-14 -5.0950619252e-14 9.7305743014e-15 -1.4769960794e-14 -5.1687201065e-14 -3.5354261428e-14 1.3328195356e-15
7.9684059039e-04 -1.9695117661e-03 2.0469003545e-03 7.4387747064e-04 2.0277132555e-05 1.9938349120e-06 7.2955047634e-15 4.9663170670e-14 1.1767922261e-14 -3.0561188480e-15 -1.6610426366e-14 -2.2157811763e-14 2.2901497360e-15 -1.8714631352e-14 -3.2466780540e-14 -3.8992911857e-01 -3.8994359729e-01 7.7988587644e-01 -1.1851367681e-05 1.2864629328e-06 -3.8387335449e-06 -1.0067914541e-01 -1.0066917166e-01 2.0134113278e-01 8.0912267201e-06 -1.0066243214e-06 2.7516519363e-06 -3.8356356253e-14 -5.0089719292e-14 -4.7823106598e-14 -1.6324049040e-14 -2.3861375109e-14 2.3177035884e-14 5.5413035687e-14 7.4331156293e-14 2.4850691423e-14 -9.0058867320e-16
4.3240098052e-07 -1.1273755736e-06 1.9077241187e-06 -2.8615523313e-07 1.3741457799e-06 -5.7007024856e-06 -2.9803496609e-14 -4.4639416132e-15 -3.7525325852e-15 3.8478307200e-14 1.9019044793e-14 1.7498946797e-15 6.7713053989e-14 -5.9071186423e-15 3.8350645679e-14 5.2739097003e-06 6.2823717314e-06 -1.1851367681e-05 7.7989630230e-01 -1.8366210965e-06 -4.9517389907e-06 -3.5773623423e-06 -4.2760570987e-06 8.2503573173e-06 2.0133327934e-01 1.2715589877e-06 3.4191888600e-06 -3.7453282725e-14 -3.1011863240e-14 9.8555516390e-16 9.4682169706e-14 7.4229846669e-14 3.5866818039e-16 -1.6301931671e-14 -1.3352702152e-14 -1.5468146597e-16 -2.7982891626e-14
1.7773710531e-06 -4.5862753324e-06 6.5695443506e-06 3.1652386916e-06 -8.1818803695e-06 -7.4229979127e-06 -1.7484091687e-14 4.7684718837e-15 -4.7194792136e-14 3.0409061141e-15 -3.6521472324e-15 4.7076658554e-14 5.4431513827e-14 -1.0961103178e-14 9.0292901199e-14 1.3535387011e-06 -3.0073889955e-06 1.2864629328e-06 -1.8366210965e-06 7.7989451715e-01 1.3079590662e-06 -1.0807723380e-06 1.9278735791e-06 -1.0337601947e-06 1.2653612568e-06 2.0133451226e-01 -9.0098866374e-07 1.8212666261e-14 -1.2299320980e-16 -3.1483112681e-14 8.5230548326e-15 1.6248479429e-15 7.7572431857e-14 -4.5091414521e-14 -1.5117787212e-15 -1.3243107876e-14 6.3680340149e-14
-7.8159048860e-07 2.0254483709e-06 -3.1194316499e-06 -6.0521861086e-07 1.0918814911e-06 6.1651818508e-06 1.6692111649e-14 1.8591205202e-14 -3.4678607006e-15 -9.3633966577e-15 -2.2092487733e-14 2.3832971265e-14 -4.9215833816e-14 -2.3243378876e-14 -2.6788085127e-14 7.7491019454e-06 -3.5955957839e-06 -3.8387335449e-06 -4.9517389907e-06 1.3079590662e-06 7.7989513617e-01 -5.3626013025e-06 2.4750690360e-06 2.6401436307e-06 3.4207913805e-06 -9.0560500437e-07 2.0133408479e-01 6.8921793370e-16 1.5469606821e-14 -3.6918953111e-14 1.1182142341e-15 7.2144727548e-15 -1.7650831211e-14 -2.1511300343e-15 -4.1784306654e-14 9.4454288151e-14 5.1932766491e-14
-4.2144564888e-04 1.0416508150e-03 -1.0824993605e-03 -3.9291561581e-04 -1.2724719187e-05 -4.6845820295e-07 -3.0243747152e-14 3.4011303966e-14 -1.5740366136e-14 2.6757139548e-15 -1.4626677885e-15 3.5746442555e-15 6.9921409107e-17 -3.8757277668e-15 6.0902344213e-15 2.0133971343e-01 -1.0066749810e-01 -1.0067914541e-01 -3.5773623423e-06 -1.0807723380e-06 -5.3626013025e-06 5.1981559694e-02 -2.5985434758e-02 -2.5992495224e-02 -2.2398449243e-06 -6.4061424821e-07 -3.2566758923e-06 2.0330469460e-14 -1.3053821482e-14 5.7233332628e-15 -1.0447789326e-14 1.9413224932e-14 -8.5299235740e-15 -1.0542845233e-14 -5.7465634946e-15 2.6763311410e-15 -1.1200616420e-16
-4.2155253327e-04 1.0419307186e-03 -1.0828839273e-03 -3.9345983043e-04 -1.0974697773e-05 -8.3227790397e-07 3.1818305949e-14 -3.9739854726e-14 -8.8877285102e-15 -1.4696357814e-15 6.5979959391e-15 -4.1566844808e-16 -6.5384950708e-16 8.7236585470e-15 2.2436461080e-15 -1.0066768909e-01 2.0132991014e-01 -1.0066917166e-01 -4.2760570987e-06 1.9278735791e-06 2.4750690360e-06 -2.5985434758e-02 5.1975537946e-02 -2.5986331581e-02 -2.6664945686e-06 1.2051181877e-06 1.5449059932e-06 -1.0399263621e-14 2.6033137718e-14 6.5174961994e-15 1.4672363587e-14 -1.3231675502e-14 2.4997102735e-15 -3.7501570971e-15 -1.3422065341e-14 -9.1397389839e-15 3.4458814252e-16
-4.2145206747e-04 1.0416669471e-03 -1.0825295467e-03 -3.9285740392e-04 -1.2936584343e-05 -2.5886634278e-07 2.3921883703e-14 3.2044586437e-14 1.4541907360e-14 1.8299707250e-15 -2.0031795246e-15 -4.3610190391e-15 6.4064306878e-16 -4.7883930257e-15 -8.3570386683e-15 -1.0067910808e-01 -1.0066894381e-01 2.0134113278e-01 8.2503573173e-06 -1.0337601947e-06 2.6401436307e-06 -2.5992495224e-02 -2.5986331581e-02 5.1982430648e-02 5.0085429130e-06 -6.1221616634e-07 1.6479822210e-06 -9.7907458342e-15 -1.2827381645e-14 -1.2299599307e-14 -4.1621472554e-15 -6.1134668071e-15 6.0055920667e-15 1.4357448742e-14 1.9235657327e-14 6.4369028288e-15 -2.3292133154e-16
1.4172286554e-07 -3.6542477920e-07 5.6979380229e-07 -4.5788214673e-08 3.5555852572e-07 -1.4715858900e-06 -4.9626965150e-14 -3.2483473479e-14 -9.3264666087e-15 4.9648187724e-15 1.1971009149e-15 -5.3858396683e-16 1.7388095688e-14 -1.5942457714e-15 9.8815800729e-15 -3.7361050371e-06 -4.4308023940e-06 8.0912267201e-06 2.0133327934e-01 1.2653612568e-06 3.4207913805e-06 -2.2398449243e-06 -2.6664945686e-06 5.0085429130e-06 5.1974973340e-02 7.7729007785e-07 2.0958215883e-06 -9.8628571248e-15 -8.1512636400e-15 2.1486158428e-16 2.4355716474e-14 1.9097750974e-14 7.5700621240e-17 -4.2943731606e-15 -3.5109663024e-15 -5.6271019225e-17 -7.2234551108e-15
4.0458276620e-07 -1.0498735117e-06 1.5566055364e-06 7.6651977817e-07 -2.1137560753e-06 -1.9163857924e-06 1.6628722848e-14 8.8424370252e-16 -3.6296665544e-14 3.2901197049e-15 -9.8368831226e-16 9.2960662102e-15 1.4098514238e-14 -2.8303014165e-15 2.3256822117e-14 -1.0522486904e-06 1.9631358121e-06 -1.0066243214e-06 1.2715589877e-06 2.0133451226e-01 -9.0560500437e-07 -6.4061424821e-07 1.2051181877e-06 -6.1221616634e-07 7.7729007785e-07 5.1975728703e-02 -5.5352742246e-07 4.7991290207e-15 -3.3067520983e-17 -8.2387763815e-15 2.2443590839e-15 4.1872510678e-16 1.9976051444e-14 -1.1597031715e-14 -3.9112887681e-16 -3.4688684658e-15 1.6439337595e-14
-2.1016079251e-07 5.4361500901e-07 -8.2684613336e-07 -1.6407499169e-07 2.8167098872e-07 1.5915400205e-06 1.7308387466e-15 1.9862503261e-14 -4.1119593452e-14 -2.7226727544e-15 -3.9182485218e-15 1.3863762744e-15 -1.2710679128e-14 -5.9671866683e-15 -7.0040269571e-15 -5.2517407509e-06 2.5812097744e-06 2.7516519363e-06 3.4191888600e-06 -9.0098866374e-07 2.0133408479e-01 -3.2566758923e-06 1.5449059932e-06 1.6479822210e-06 2.0958215883e-06 -5.5352742246e-07 5.1975466824e-02 1.6503687954e-16 4.0634269808e-15 -9.7167682395e-15 2.8427935177e-16 1.8933272708e-15 -4.6395668211e-15 -5.6030073248e-16 -1.0755573441e-14 2.4300728973e-14 1.3406466194e-14
-2.6268815907e-15 6.5004745738e-15 -6.8490405216e-15 -2.2603321777e-15 -1.8519167882e-16 -4.6912090201e-17 3.8917734192e-03 4.8833298078e-07 -3.0218446333e-08 4.6111528799e-04 5.6587898776e-08 -4.8043565539e-09 8.5531921693e-06 3.4495919922e-10 -3.1904707351e-10 7.9238329683e-14 -4.0822650581e-14 -3.8356356253e-14 -3.7453282725e-14 1.8212666261e-14 6.8921793370e-16 2.0330469460e-14 -1.0399263621e-14 -9.7907458342e-15 -9.8628571248e-15 4.7991290207e-15 1.6503687954e-16 1.7974549961e-05 4.5173674496e-09 -2.9877006346e-10 8.0379394764e-06 1.2962363376e-09 7.4328129206e-10 8.0399888976e-06 1.3200430845e-09 -6.8170809111e-10 6.7852076431e-10
-3.5288705898e-15 8.7236299803e-15 -8.9962582850e-15 -3.3423489346e-15 -3.2000213968e-16 -3.1865865402e-17 4.8834212561e-07 3.8921224340e-03 -3.2444347215e-07 5.6589066009e-08 4.6115595559e-04 -3.7177761131e-08 3.4503086129e-10 8.5532331431e-06 -1.0533632273e-10 -5.1017023149e-14 1.0152115538e-13 -5.0089719292e-14 -3.1011863240e-14 -1.2299320980e-16 1.5469606821e-14 -1.3053821482e-14 2.6033137718e-14 -1.2827381645e-14 -8.1512636400e-15 -3.3067520983e-17 4.0634269808e-15 4.5173674496e-09 1.7977788095e-05 -3.1129486253e-09 1.2963533598e-09 8.0407587260e-06 -9.7561671463e-10 1.3197528185e-09 8.0410113537e-06 -8.9785027974e-10 -1.3501407293e-10
1.4193135338e-15 -3.5106440656e-15 3.6599557287e-15 1.2818604787e-15 1.1803627407e-16 1.7831053796e-17 -3.2664280016e-08 -3.4897183552e-07 3.8917075564e-03 -5.0941721688e-09 -4.0083883805e-08 4.6110772472e-04 -3.2442779639e-10 -1.5919152981e-10 8.5532174628e-06 2.2345334756e-14 2.5362192747e-14 -4.7823106598e-14 9.8555516390e-16 -3.1483112681e-14 -3.6918953111e-14 5.7233332628e-15 6.5174961994e-15 -1.2299599307e-14 2.1486158428e-16 -8.2387763815e-15 -9.7167682395e-15 -2.9877006346e-10 -3.1129486253e-09 1.7973939227e-05 -6.8666748600e-10 -1.0267069806e-09 8.0394614513e-06 7.2298672827e-10 -1.1003118849e-09 8.0376646692e-06 -1.2268038630e-09
-1.1203718994e-15 2.7726264449e-15 -2.9231505430e-15 -9.6032247759e-16 -8.0608630108e-17 -2.1812092647e-17 1.7403406263e-03 6.1677282642e-08 -1.3327601156e-07 2.0620359487e-04 6.7389578486e-09 -1.6338540580e-08 3.8248547276e-06 -1.9011321853e-10 -4.0591272495e-10 -4.0248006995e-14 5.6599415583e-14 -1.6324049040e-14 9.4682169706e-14 8.5230548326e-15 1.1182142341e-15 -1.0447789326e-14 1.4672363587e-14 -4.1621472554e-15 2.4355716474e-14 2.2443590839e-15 2.8427935177e-16 8.0379394764e-06 1.2963533598e-09 -6.8666748600e-10 3.5944416966e-06 2.5594358569e-10 8.4991035854e-11 3.5953581216e-06 2.6658168707e-10 -5.5218992148e-10 3.0346714397e-10
-1.5937193699e-15 3.9397732671e-15 -4.0630814945e-15 -1.5091996072e-15 -1.4398634249e-16 -1.4811889867e-17 6.1615158045e-08 1.7407935688e-03 -6.5954274866e-08 6.7315238665e-09 2.0625695507e-04 -7.2492648240e-09 -1.9029790891e-10 3.8255254460e-06 1.2686811336e-10 7.4997055888e-14 -5.0950619252e-14 -2.3861375109e-14 7.4229846669e-14 1.6248479429e-15 7.2144727548e-15 1.9413224932e-14 -1.3231675502e-14 -6.1134668071e-15 1.9097750974e-14 4.1872510678e-16 1.8933272708e-15 1.2962363376e-09 8.0407587260e-06 -1.0267069806e-09 2.5594358569e-10 3.5963156983e-06 -2.7286648221e-10 2.6635534510e-10 3.5964286863e-06 -2.3806374076e-10 -6.0438785722e-11
4.4164812904e-16 -1.0927885921e-15 1.1410419162e-15 3.9338441489e-16 4.6178033619e-17 6.8863496168e-18 1.7524467004e-07 -6.5887342651e-08 1.7406998355e-03 2.0216311377e-08 -7.2413870131e-09 2.0624626306e-04 2.7212754076e-10 1.2698695776e-10 3.8257202068e-06 -3.2962514173e-14 9.7305743014e-15 2.3177035884e-14 3.5866818039e-16 7.7572431857e-14 -1.7650831211e-14 -8.5299235740e-15 2.4997102735e-15 6.0055920667e-15 7.5700621240e-17 1.9976051444e-14 -4.6395668211e-15 7.4328129206e-10 -9.7561671463e-10 8.0394614513e-06 8.4991035854e-11 -2.7286648221e-10 3.5959252201e-06 7.1560780465e-10 -3.0578178866e-10 3.5951214798e-06 -5.4870018520e-10
-1.3608655615e-15 3.3670551759e-15 -3.5411254637e-15 -1.1844756050e-15 -8.7680340326e-17 -2.0680817417e-17 1.7407843602e-03 6.6712832859e-08 1.7194593315e-07 2.0625617041e-04 7.3355463030e-09 1.9825445961e-08 3.8258299284e-06 -1.7908258199e-10 2.6487781419e-10 -4.0619594024e-14 -1.4769960794e-14 5.5413035687e-14 -1.6301931671e-14 -4.5091414521e-14 -2.1511300343e-15 -1.0542845233e-14 -3.7501570971e-15 1.4357448742e-14 -4.2943731606e-15 -1.1597031715e-14 -5.6030073248e-16 8.0399888976e-06 1.3197528185e-09 7.2298672827e-10 3.5953581216e-06 2.6635534510e-10 7.1560780465e-10 3.5962748908e-06 2.7699071309e-10 7.8123550369e-11 3.0344811650e-10
-1.4766325870e-15 3.6503800670e-15 -3.7623592674e-15 -1.3999186210e-15 -1.4086033399e-16 -1.4316238498e-17 6.6762681571e-08 1.7408482597e-03 -8.1886211350e-08 7.3414133632e-09 2.0626343509e-04 -9.1369390795e-09 -1.7899407524e-10 3.8256456300e-06 9.1861016446e-11 -2.2456941729e-14 -5.1687201065e-14 7.4331156293e-14 -1.3352702152e-14 -1.5117787212e-15 -4.1784306654e-14 -5.7465634946e-15 -1.3422065341e-14 1.9235657327e-14 -3.5109663024e-15 -3.9112887681e-16 -1.0755573441e-14 1.3200430845e-09 8.0410113537e-06 -1.1003118849e-09 2.6658168707e-10 3.5964286863e-06 -3.0578178866e-10 2.7699071309e-10 3.5965416781e-06 -2.7097248316e-10 -6.0434765729e-11
6.5323684416e-16 -1.6157235117e-15 1.6841659288e-15 5.9061147247e-16 5.3163751770e-17 8.9592607206e-18 -1.3329331619e-07 -4.9044872034e-08 1.7403107960e-03 -1.6340577295e-08 -5.2458417771e-09 2.0620016794e-04 -4.0594345199e-10 1.6399654140e-10 3.8248651961e-06 1.0452250731e-14 -3.5354261428e-14 2.4850691423e-14 -1.5468146597e-16 -1.3243107876e-14 9.4454288151e-14 2.6763311410e-15 -9.1397389839e-15 6.4369028288e-15 -5.6271019225e-17 -3.4688684658e-15 2.4300728973e-14 -6.8170809111e-10 -8.9785027974e-10 8.0376646692e-06 -5.5218992148e-10 -2.3806374076e-10 3.5951214798e-06 7.8123550369e-11 -2.7097248316e-10 3.5943180325e-06 -5.4863192400e-10
3.4637753455e-17 -8.5618492192e-17 8.9027033042e-17 3.2467650122e-17 3.5737411720e-19 4.6817261615e-20 1.4691194433e-07 -2.9270696350e-08 -2.6562823737e-07 1.7406898765e-08 -3.4682564106e-09 -3.1472932442e-08 3.2290023357e-10 -6.4393534675e-11 -5.8381339617e-10 -4.3165112980e-16 1.3328195356e-15 -9.0058867320e-16 -2.7982891626e-14 6.3680340149e-14 5.1932766491e-14 -1.1200616420e-16 3.4458814252e-16 -2.3292133154e-16 -7.2234551108e-15 1.6439337595e-14 1.3406466194e-14 6.7852076431e-10 -1.3501407293e-10 -1.2268038630e-09 3.0346714397e-10 -6.0438785722e-11 -5.4870018520e-10 3.0344811650e-10 -6.0434765729e-11 -5.4863192400e-10 1.1036663961e-13
1.4528042575e-01 -3.5907891986e-01 3.7317257802e-01 1.3548927716e-01 4.2093348794e-03 1.7919181285e-04 -3.4192985802e-15 -9.5202947172e-15 3.5572690001e-15 -2.1404150432e-15 -2.7455316520e-15 1.2222975339e-15 -8.1817448793e-17 -2.1487742832e-16 1.2369980755e-16 7.9682620077e-04 7.9614985444e-04 7.9684059039e-04 4.3240098052e-07 1.7773710531e-06 -7.8159048860e-07 -4.2144564888e-04 -4.2155253327e-04 -4.2145206747e-04 1.4172286554e-07 4.0458276620e-07 -2.1016079251e-07 -2.6268815907e-15 -3.5288705898e-15 1.4193135338e-15 -1.1203718994e-15 -1.5937193699e-15 4.4164812904e-16 -1.3608655615e-15 -1.4766325870e-15 6.5323684416e-16 3.4637753455e-17
-3.5907891986e-01 8.8750889887e-01 -9.2234315493e-01 -3.3487885959e-01 -1.0403902753e-02 -4.4289519282e-04 1.0141906516e-14 2.3870508723e-14 -9.3629271132e-15 5.4906186809e-15 6.8261990190e-15 -3.0886910692e-15 2.0591318600e-16 5.3184537424e-16 -3.0702208859e-16 -1.9694772375e-03 -1.9677446483e-03 -1.9695117661e-03 -1.1273755736e-06 -4.5862753324e-06 2.0254483709e-06 1.0416508150e-03 1.0419307186e-03 1.0416669471e-03 -3.6542477920e-07 -1.0498735117e-06 5.4361500901e-07 6.5004745738e-15 8.7236299803e-15 -3.5106440656e-15 2.7726264449e-15 3.9397732671e-15 -1.0927885921e-15 3.3670551759e-15 3.6503800670e-15 -1.6157235117e-15 -8.5618492192e-17
3.7317257802e-01 -9.2234315493e-01 9.5854463717e-01 3.4802267816e-01 1.0812250427e-02 4.6027856524e-04 -3.0774476572e-14 -9.6827426158e-15 1.2232360303e-14 -8.1035332685e-15 -5.3020503755e-15 3.5064663777e-15 -2.5821403983e-16 -5.1948863602e-16 3.2485378361e-16 2.0469164612e-03 2.0447530142e-03 2.0469003545e-03 1.9077241187e-06 6.5695443506e-06 -3.1194316499e-06 -1.0824993605e-03 -1.0828839273e-03 -1.0825295467e-03 5.6979380229e-07 1.5566055364e-06 -8.2684613336e-07 -6.8490405216e-15 -8.9962582850e-15 3.6599557287e-15 -2.9231505430e-15 -4.0630814945e-15 1.1410419162e-15 -3.5411254637e-15 -3.7623592674e-15 1.6841659288e-15 8.9027033042e-17
1.3548927716e-01 -3.3487885959e-01 3.4802267816e-01 1.2635800131e-01 3.9256474755e-03 1.6711520599e-04 3.7818542929e-14 -1.9963864730e-14 -5.7084786699e-15 2.8625902918e-15 -3.8740342647e-15 7.0556124819e-17 1.3865973761e-17 -2.2483935358e-16 9.5638058149e-17 7.4361535602e-04 7.4126254867e-04 7.4387747064e-04 -2.8615523313e-07 3.1652386916e-06 -6.0521861086e-07 -3.9291561581e-04 -3.9345983043e-04 -3.9285740392e-04 -4.5788214673e-08 7.6651977817e-07 -1.6407499169e-07 -2.2603321777e-15 -3.3423489346e-15 1.2818604787e-15 -9.6032247759e-16 -1.5091996072e-15 3.9338441489e-16 -1.1844756050e-15 -1.3999186210e-15 5.9061147247e-16 3.2467650122e-17
4.2093348794e-03 -1.0403902753e-02 1.0812250427e-02 3.9256474755e-03 1.2196080494e-04 5.1919482133e-06 -2.3609401397e-14 -4.7543682598e-14 1.6652188839e-14 -2.8477304832e-15 -5.6797257543e-15 1.9957373811e-15 -5.4577875084e-17 -1.0980992853e-16 3.9098016028e-17 2.1096735846e-05 2.7868350923e-05 2.0277132555e-05 1.3741457799e-06 -8.1818803695e-06 1.0918814911e-06 -1.2724719187e-05 -1.0974697773e-05 -1.2936584343e-05 3.5555852572e-07 -2.1137560753e-06 2.8167098872e-07 -1.8519167882e-16 -3.2000213968e-16 1.1803627407e-16 -8.0608630108e-17 -1.4398634249e-16 4.6178033619e-17 -8.7680340326e-17 -1.4086033399e-16 5.3163751770e-17 3.5737411720e-19
1.7919181285e-04 -4.4289519282e-04 4.6027856524e-04 1.6711520599e-04 5.1919482133e-06 2.2118208462e-07 -9.4864141469e-15 -6.0084290035e-15 3.4996293514e-15 -1.1265573165e-15 -7.1425938649e-16 4.1529610025e-16 -2.2338158620e-17 -1.3531580797e-17 6.4482077272e-18 1.1818579713e-06 -2.2803605289e-07 1.9938349120e-06 -5.7007024856e-06 -7.4229979127e-06 6.1651818508e-06 -4.6845820295e-07 -8.3227790397e-07 -2.5886634278e-07 -1.4715858900e-06 -1.9163857924e-06 1.5915400205e-06 -4.6912090201e-17 -3.1865865402e-17 1.7831053796e-17 -2.1812092647e-17 -1.4811889867e-17 6.8863496168e-18 -2.0680817417e-17 -1.4316238498e-17 8.9592607206e-18 4.6817261615e-20
-3.4192985802e-15 1.0141906516e-14 -3.0774476572e-14 3.7818542929e-14 -2.3609401397e-14 -9.4864141469e-15 8.4263030901e-01 -2.9428995769e-07 3.8155882533e-07 9.9838730542e-02 -3.1026638215e-07 -2.1982648122e-07 1.8519009870e-03 -1.5831013936e-07 -5.3876947682e-08 -1.4940037038e-15 1.6327991908e-14 7.2955047634e-15 -2.9803496609e-14 -1.7484091687e-14 1.6692111649e-14 -3.0243747152e-14 3.1818305949e-14 2.3921883703e-14 -4.9626965150e-14 1.6628722848e-14 1.7308387466e-15 3.8917734192e-03 4.8834212561e-07 -3.2664280016e-08 1.7403406263e-03 6.1615158045e-08 1.7524467004e-07 1.7407843602e-03 6.6762681571e-08 -1.3329331619e-07 1.4691194433e-07
-9.5202947172e-15 2.3870508723e-14 -9.6827426158e-15 -1.9963864730e-14 -4.7543682598e-14 -6.0084290035e-15 -2.9428995769e-07 8.4262965535e-01 1.2054398801e-07 -3.1026639256e-07 9.9838504757e-02 2.8792814243e-07 -1.5831014168e-07 1.8517423688e-03 1.3184248579e-07 4.6963923455e-14 5.4949110250e-15 4.9663170670e-14 -4.4639416132e-15 4.7684718837e-15 1.8591205202e-14 3.4011303966e-14 -3.9739854726e-14 3.2044586437e-14 -3.2483473479e-14 8.8424370252e-16 1.9862503261e-14 4.8833298078e-07 3.8921224340e-03 -3.4897183552e-07 6.1677282642e-08 1.7407935688e-03 -6.5887342651e-08 6.6712832859e-08 1.7408482597e-03 -4.9044872034e-08 -2.9270696350e-08
3.5572690001e-15 -9.3629271132e-15 1.2232360303e-14 -5.7084786699e-15 1.6652188839e-14 3.4996293514e-15 3.8155882533e-07 1.2054398801e-07 8.4263041266e-01 -2.1982648020e-07 2.8792815938e-07 9.9838794878e-02 -5.3876947897e-08 1.3184248439e-07 1.8519380246e-03 -2.7102454928e-14 -1.4677107207e-14 1.1767922261e-14 -3.7525325852e-15 -4.7194792136e-14 -3.4678607006e-15 -1.5740366136e-14 -8.8877285102e-15 1.4541907360e-14 -9.3264666087e-15 -3.6296665544e-14 -4.1119593452e-14 -3.0218446333e-08 -3.2444347215e-07 3.8917075564e-03 -1.3327601156e-07 -6.5954274866e-08 1.7406998355e-03 1.7194593315e-07 -8.1886211350e-08 1.7403107960e-03 -2.6562823737e-07
-2.1404150432e-15 5.4906186809e-15 -8.1035332685e-15 2.8625902918e-15 -2.8477304832e-15 -1.1265573165e-15 9.9838730542e-02 -3.1026639256e-07 -2.1982648020e-07 1.1829353881e-02 -6.9392206145e-08 -5.7448772680e-08 2.1942178166e-04 -1.9362564779e-08 -6.9661287806e-09 2.4039360494e-14 -1.8389828425e-14 -3.0561188480e-15 3.8478307200e-14 3.0409061141e-15 -9.3633966577e-15 2.6757139548e-15 -1.4696357814e-15 1.8299707250e-15 4.9648187724e-15 3.2901197049e-15 -2.7226727544e-15 4.6111528799e-04 5.6589066009e-08 -5.0941721688e-09 2.0620359487e-04 6.7315238665e-09 2.0216311377e-08 2.0625617041e-04 7.3414133632e-09 -1.6340577295e-08 1.7406898765e-08
-2.7455316520e-15 6.8261990190e-15 -5.3020503755e-15 -3.8740342647e-15 -5.6797257543e-15 -7.1425938649e-16 -3.1026638215e-07 9.9838504757e-02 2.8792815938e-07 -6.9392206145e-08 1.1829309554e-02 6.6537900071e-08 -1.9362565031e-08 2.1940266189e-04 1.6222721110e-08 -1.5739477865e-14 4.4423129089e-14 -1.6610426366e-14 1.9019044793e-14 -3.6521472324e-15 -2.2092487733e-14 -1.4626677885e-15 6.5979959391e-15 -2.0031795246e-15 1.1971009149e-15 -9.8368831226e-16 -3.9182485218e-15 5.6587898776e-08 4.6115595559e-04 -4.0083883805e-08 6.7389578486e-09 2.0625695507e-04 -7.2413870131e-09 7.3355463030e-09 2.0626343509e-04 -5.2458417771e-09 -3.4682564106e-09
1.2222975339e-15 -3.0886910692e-15 3.5064663777e-15 7.0556124819e-17 1.9957373811e-15 4.1529610025e-16 -2.1982648122e-07 2.8792814243e-07 9.9838794878e-02 -5.7448772680e-08 6.6537900071e-08 1.1829367672e-02 -6.9661288084e-09 1.6222720908e-08 2.1942628445e-04 1.7872760729e-14 7.4231241573e-16 -2.2157811763e-14 1.7498946797e-15 4.7076658554e-14 2.3832971265e-14 3.5746442555e-15 -4.1566844808e-16 -4.3610190391e-15 -5.3858396683e-16 9.2960662102e-15 1.3863762744e-15 -4.8043565539e-09 -3.7177761131e-08 4.6110772472e-04 -1.6338540580e-08 -7.2492648240e-09 2.0624626306e-04 1.9825445961e-08 -9.1369390795e-09 2.0620016794e-04 -3.1472932442e-08
-8.1817448793e-17 2.0591318600e-16 -2.5821403983e-16 1.3865973761e-17 -5.4577875084e-17 -2.2338158620e-17 1.8519009870e-03 -1.5831014168e-07 -5.3876947897e-08 2.1942178166e-04 -1.9362565031e-08 -6.9661288084e-09 4.0700379000e-06 -6.9441373156e-10 -2.3868743069e-10 5.2416302443e-16 -2.7669912358e-15 2.2901497360e-15 6.7713053989e-14 5.4431513827e-14 -4.9215833816e-14 6.9921409107e-17 -6.5384950708e-16 6.4064306878e-16 1.7388095688e-14 1.4098514238e-14 -1.2710679128e-14 8.5531921693e-06 3.4503086129e-10 -3.2442779639e-10 3.8248547276e-06 -1.9029790891e-10 2.7212754076e-10 3.8258299284e-06 -1.7899407524e-10 -4.0594345199e-10 3.2290023357e-10
-2.1487742832e-16 5.3184537424e-16 -5.1948863602e-16 -2.2483935358e-16 -1.0980992853e-16 -1.3531580797e-17 -1.5831013936e-07 1.8517423688e-03 1.3184248439e-07 -1.9362564779e-08 2.1940266189e-04 1.6222720908e-08 -6.9441373156e-10 4.0693438935e-06 5.7892603804e-10 -1.5204379756e-14 3.4140227848e-14 -1.8714631352e-14 -5.9071186423e-15 -1.0961103178e-14 -2.3243378876e-14 -3.8757277668e-15 8.7236585470e-15 -4.7883930257e-15 -1.5942457714e-15 -2.8303014165e-15 -5.9671866683e-15 3.4495919922e-10 8.5532331431e-06 -1.5919152981e-10 -1.9011321853e-10 3.8255254460e-06 1.2698695776e-10 -1.7908258199e-10 3.8256456300e-06 1.6399654140e-10 -6.4393534675e-11
1.2369980755e-16 -3.0702208859e-16 3.2485378361e-16 9.5638058149e-17 3.9098016028e-17 6.4482077272e-18 -5.3876947682e-08 1.3184248579e-07 1.8519380246e-03 -6.9661287806e-09 1.6222721110e-08 2.1942628445e-04 -2.3868743069e-10 5.7892603804e-10 4.0702001919e-06 2.3665937401e-14 8.7367303066e-15 -3.2466780540e-14 3.8350645679e-14 9.0292901199e-14 -2.6788085127e-14 6.0902344213e-15 2.2436461080e-15 -8.3570386683e-15 9.8815800729e-15 2.3256822117e-14 -7.0040269571e-15 -3.1904707351e-10 -1.0533632273e-10 8.5532174628e-06 -4.0591272495e-10 1.2686811336e-10 3.8257202068e-06 2.6487781419e-10 9.1861016446e-11 3.8248651961e-06 -5.8381339617e-10
7.9682620077e-04 -1.9694772375e-03 2.0469164612e-03 7.4361535602e-04 2.1096735846e-05 1.1818579713e-06 -1.4940037038e-15 4.6963923455e-14 -2.7102454928e-14 2.4039360494e-14 -1.5739477865e-14 1.7872760729e-14 5.2416302443e-16 -1.5204379756e-14 2.3665937401e-14 7.7988794611e-01 -3.8994571005e-01 -3.8992911857e-01 5.2739097003e-06 1.3535387011e-06 7.7491019454e-06 2.0133971343e-01 -1.0066768909e-01 -1.0067910808e-01 -3.7361050371e-06 -1.0522486904e-06 -5.2517407509e-06 7.9238329683e-14 -5.1017023149e-14 2.2345334756e-14 -4.0248006995e-14 7.4997055888e-14 -3.2962514173e-14 -4.0619594024e-14 -2.2456941729e-14 1.0452250731e-14 -4.3165112980e-16
7.9614985444e-04 -1.9677446483e-03 2.0447530142e-03 7.4126254867e-04 2.7868350923e-05 -2.2803605289e-07 1.6327991908e-14 5.4949110250e-15 -1.4677107207e-14 -1.8389828425e-14 4.4423129089e-14 7.4231241573e-16 -2.7669912358e-15 3.4140227848e-14 8.7367303066e-15 -3.8994571005e-01 7.7990234098e-01 -3.8994359729e-01 6.2823717314e-06 -3.0073889955e-06 -3.5955957839e-06 -1.0066749810e-01 2.0132991014e-01 -1.0066894381e-01 -4.4308023940e-06 1.9631358121e-06 2.5812097744e-06 -4.0822650581e-14 1.0152115538e-13 2.5362192747e-14 5.6599415583e-14 -5.0950619252e-14 9.7305743014e-15 -1.4769960794e-14 -5.1687201065e-14 -3.5354261428e-14 1.3328195356e-15
7.9684059039e-04 -1.9695117661e-03 2.0469003545e-03 7.4387747064e-04 2.0277132555e-05 1.9938349120e-06 7.2955047634e-15 4.9663170670e-14 1.1767922261e-14 -3.0561188480e-15 -1.6610426366e-14 -2.2157811763e-14 2.2901497360e-15 -1.8714631352e-14 -3.2466780540e-14 -3.8992911857e-01 -3.8994359729e-01 7.7988587644e-01 -1.1851367681e-05 1.2864629328e-06 -3.8387335449e-06 -1.0067914541e-01 -1.0066917166e-01 2.0134113278e-01 8.0912267201e-06 -1.0066243214e-06 2.7516519363e-06 -3.8356356253e-14 -5.0089719292e-14 -4.7823106598e-14 -1.6324049040e-14 -2.3861375109e-14 2.3177035884e-14 5.5413035687e-14 7.4331156293e-14 2.4850691423e-14 -9.0058867320e-16
4.3240098052e-07 -1.1273755736e-06 1.9077241187e-06 -2.8615523313e-07 1.3741457799e-06 -5.7007024856e-06 -2.9803496609e-14 -4.4639416132e-15 -3.7525325852e-15 3.8478307200e-14 1.9019044793e-14 1.7498946797e-15 6.7713053989e-14 -5.9071186423e-15 3.8350645679e-14 5.2739097003e-06 6.2823717314e-06 -1.1851367681e-05 7.7989630230e-01 -1.8366210965e-06 -4.9517389907e-06 -3.5773623423e-06 -4.2760570987e-06 8.2503573173e-06 2.0133327934e-01 1.2715589877e-06 3.4191888600e-06 -3.7453282725e-14 -3.1011863240e-14 9.8555516390e-16 9.4682169706e-14 7.4229846669e-14 3.5866818039e-16 -1.6301931671e-14 -1.3352702152e-14 -1.5468146597e-16 -2.7982891626e-14
1.7773710531e-06 -4.5862753324e-06 6.5695443506e-06 3.1652386916e-06 -8.1818803695e-06 -7.4229979127e-06 -1.7484091687e-14 4.7684718837e-15 -4.7194792136e-14 3.0409061141e-15 -3.6521472324e-15 4.7076658554e-14 5.4431513827e-14 -1.0961103178e-14 9.0292901199e-14 1.3535387011e-06 -3.0073889955e-06 1.2864629328e-06 -1.8366210965e-06 7.7989451715e-01 1.3079590662e-06 -1.0807723380e-06 1.9278735791e-06 -1.0337601947e-06 1.2653612568e-06 2.0133451226e-01 -9.0098866374e-07 1.8212666261e-14 -1.2299320980e-16 -3.1483112681e-14 8.5230548326e-15 1.6248479429e-15 7.7572431857e-14 -4.5091414521e-14 -1.5117787212e-15 -1.3243107876e-14 6.3680340149e-14
-7.8159048860e-07 2.0254483709e-06 -3.1194316499e-06 -6.0521861086e-07 1.0918814911e-06 6.1651818508e-06 1.6692111649e-14 1.8591205202e-14 -3.4678607006e-15 -9.3633966577e-15 -2.2092487733e-14 2.3832971265e-14 -4.9215833816e-14 -2.3243378876e-14 -2.6788085127e-14 7.7491019454e-06 -3.5955957839e-06 -3.8387335449e-06 -4.9517389907e-06 1.3079590662e-06 7.7989513617e-01 -5.3626013025e-06 2.4750690360e-06 2.6401436307e-06 3.4207913805e-06 -9.0560500437e-07 2.0133408479e-01 6.8921793370e-16 1.5469606821e-14 -3.6918953111e-14 1.1182142341e-15 7.2144727548e-15 -1.7650831211e-14 -2.1511300343e-15 -4.1784306654e-14 9.4454288151e-14 5.1932766491e-14
-4.2144564888e-04 1.0416508150e-03 -1.0824993605e-03 -3.9291561581e-04 -1.2724719187e-05 -4.6845820295e-07 -3.0243747152e-14 3.4011303966e-14 -1.5740366136e-14 2.6757139548e-15 -1.4626677885e-15 3.5746442555e-15 6.9921409107e-17 -3.8757277668e-15 6.0902344213e-15 2.0133971343e-01 -1.0066749810e-01 -1.0067914541e-01 -3.5773623423e-06 -1.0807723380e-06 -5.3626013025e-06 5.1981559694e-02 -2.5985434758e-02 -2.5992495224e-02 -2.2398449243e-06 -6.4061424821e-07 -3.2566758923e-06 2.0330469460e-14 -1.3053821482e-14 5.7233332628e-15 -1.0447789326e-14 1.9413224932e-14 -8.5299235740e-15 -1.0542845233e-14 -5.7465634946e-15 2.6763311410e-15 -1.1200616420e-16
-4.2155253327e-04 1.0419307186e-03 -1.0828839273e-03 -3.9345983043e-04 -1.0974697773e-05 -8.3227790397e-07 3.1818305949e-14 -3.9739854726e-14 -8.8877285102e-15 -1.4696357814e-15 6.5979959391e-15 -4.1566844808e-16 -6.5384950708e-16 8.7236585470e-15 2.2436461080e-15 -1.0066768909e-01 2.0132991014e-01 -1.0066917166e-01 -4.2760570987e-06 1.9278735791e-06 2.4750690360e-06 -2.5985434758e-02 5.1975537946e-02 -2.5986331581e-02 -2.6664945686e-06 1.2051181877e-06 1.5449059932e-06 -1.0399263621e-14 2.6033137718e-14 6.5174961994e-15 1.4672363587e-14 -1.3231675502e-14 2.4997102735e-15 -3.7501570971e-15 -1.3422065341e-14 -9.1397389839e-15 3.4458814252e-16
-4.2145206747e-04 1.0416669471e-03 -1.0825295467e-03 -3.9285740392e-04 -1.2936584343e-05 -2.5886634278e-07 2.3921883703e-14 3.2044586437e-14 1.4541907360e-14 1.8299707250e-15 -2.0031795246e-15 -4.3610190391e-15 6.4064306878e-16 -4.7883930257e-15 -8.3570386683e-15 -1.0067910808e-01 -1.0066894381e-01 2.0134113278e-01 8.2503573173e-06 -1.0337601947e-06 2.6401436307e-06 -2.5992495224e-02 -2.5986331581e-02 5.1982430648e-02 5.0085429130e-06 -6.1221616634e-07 1.6479822210e-06 -9.7907458342e-15 -1.2827381645e-14 -1.2299599307e-14 -4.1621472554e-15 -6.1134668071e-15 6.0055920667e-15 1.4357448742e-14 1.9235657327e-14 6.4369028288e-15 -2.3292133154e-16
