Br 8
8.2049891286e-02 2.2154604642e-01 -8.7040418399e-19 6.6124277613e-20 -2.5040611927e-20 -8.1974159701e-19 6.5077197987e-20 -2.4644093197e-20
2.2154604642e-01 5.9820494476e-01 -6.9735949240e-19 5.8333309144e-20 -2.2090248988e-20 -6.4669690543e-19 6.1770502738e-20 -2.3391880311e-20
-8.7040418399e-19 -6.9735949240e-19 3.1378992907e-01 -2.6346163757e-17 9.3435892258e-17 2.9743771377e-01 -1.1374391450e-16 -6.8263766749e-17
6.6124277613e-20 5.8333309144e-20 -2.6346163757e-17 3.1793318161e-01 1.0941009831e-02 -5.2185977882e-17 2.9718510228e-01 -6.6706644592e-04
-2.5040611927e-20 -2.2090248988e-20 9.3435892258e-17 1.0941009831e-02 3.4268164999e-01 9.5690528692e-17 -6.6706644592e-04 2.9567620383e-01
-8.1974159701e-19 -6.4669690543e-19 2.9743771377e-01 -5.2185977882e-17 9.5690528692e-17 2.8193764482e-01 -1.2878084083e-16 -5.6959897797e-17
6.5077197987e-20 6.1770502738e-20 -1.1374391450e-16 2.9718510228e-01 -6.6706644592e-04 -1.2878084083e-16 2.7813773764e-01 -1.0034344139e-02
-2.4644093197e-20 -2.3391880311e-20 -6.8263766749e-17 -6.6706644592e-04 2.9567620383e-01 -5.6959897797e-17 -1.0034344139e-02 2.5544013911e-01
8.2049891286e-02 2.2154604642e-01 -8.7040418399e-19 6.6124277613e-20 -2.5040611927e-20 -8.1974159701e-19 6.5077197987e-20 -2.4644093197e-20
2.2154604642e-01 5.9820494476e-01 -6.9735949240e-19 5.8333309144e-20 -2.2090248988e-20 -6.4669690543e-19 6.1770502738e-20 -2.3391880311e-20
-8.7040418399e-19 -6.9735949240e-19 3.1378992907e-01 -4.4137882419e-16 -1.0025331255e-15 2.9743771377e-01 -4.6726650930e-16 -1.0018042996e-15
6.6124277613e-20 5.8333309144e-20 -4.4137882419e-16 2.7443433756e-01 -1.0392557763e-01 -4.4333769825e-16 2.6013302016e-01 -9.8509809743e-02
-2.5040611927e-20 -2.2090248988e-20 -1.0025331255e-15 -1.0392557763e-01 3.9355591511e-02 -9.3721653534e-16 -9.8509809743e-02 3.7304693613e-02
-8.1974159701e-19 -6.4669690543e-19 2.9743771377e-01 -4.4333769825e-16 -9.3721653534e-16 2.8193764482e-01 -4.6196177893e-16 -9.3678459661e-16
6.5077197987e-20 6.1770502738e-20 -4.6726650930e-16 2.6013302016e-01 -9.8509809743e-02 -4.6196177893e-16 2.4657697275e-01 -9.3376268258e-02
-2.4644093197e-20 -2.3391880311e-20 -1.0018042996e-15 -9.8509809743e-02 3.7304693613e-02 -9.3678459661e-16 -9.3376268258e-02 3.5360672071e-02
O 9
1.0630327857e+00 -1.4367305612e-01 -1.2939184236e-01 -6.6626666939e-17 -5.5164397680e-17 9.0853502760e-18 7.6814315032e-17 5.7470339777e-17 2.8705814354e-18
-1.4367305612e-01 3.2334614460e-01 2.9612454184e-01 1.4699370247e-16 1.3505560776e-16 -1.9819021883e-18 -1.7395999902e-16 -1.0375475205e-16 2.0922159196e-19
-1.2939184236e-01 2.9612454184e-01 2.7119943078e-01 1.2820231008e-16 1.0897506363e-16 9.9691587571e-18 -1.6220332457e-16 -1.0162277552e-16 5.4954486673e-18
-6.6626666939e-17 1.4699370247e-16 1.2820231008e-16 1.1300310951e-01 2.6609382565e-02 -2.3380677880e-01 5.0875794212e-02 1.1979966545e-02 -1.0526352430e-01
-5.5164397680e-17 1.3505560776e-16 1.0897506363e-16 2.6609382565e-02 6.0157713189e-01 1.2696353020e-02 1.1979966545e-02 2.7083957687e-01 5.7160997276e-03
9.0853502760e-18 -1.9819021883e-18 9.9691587571e-18 -2.3380677880e-01 1.2696353020e-02 4.9146394813e-01 -1.0526352430e-01 5.7160997276e-03 2.2126487311e-01
7.6814315032e-17 -1.7395999902e-16 -1.6220332457e-16 5.0875794212e-02 1.1979966545e-02 -1.0526352430e-01 2.2905090381e-02 5.3935711615e-03 -4.7391310055e-02
5.7470339777e-17 -1.0375475205e-16 -1.0162277552e-16 1.1979966545e-02 2.7083957687e-01 5.7160997276e-03 5.3935711615e-03 1.2193627801e-01 2.5734788599e-03
2.8705814354e-18 2.0922159196e-19 5.4954486673e-18 -1.0526352430e-01 5.7160997276e-03 2.2126487311e-01 -4.7391310055e-02 2.5734788599e-03 9.9616959208e-02
1.0630327857e+00 -1.4367305612e-01 -1.2939184236e-01 -6.6626666939e-17 -5.5164397680e-17 9.0853502760e-18 7.6814315032e-17 5.7470339777e-17 2.8705814354e-18
-1.4367305612e-01 3.2334614460e-01 2.9612454184e-01 1.4699370247e-16 1.3505560776e-16 -1.9819021883e-18 -1.7395999902e-16 -1.0375475205e-16 2.0922159196e-19
-1.2939184236e-01 2.9612454184e-01 2.7119943078e-01 1.2820231008e-16 1.0897506363e-16 9.9691587571e-18 -1.6220332457e-16 -1.0162277552e-16 5.4954486673e-18
-6.6626666939e-17 1.4699370247e-16 1.2820231008e-16 1.1300310951e-01 2.6609382565e-02 -2.3380677880e-01 5.0875794212e-02 1.1979966545e-02 -1.0526352430e-01
-5.5164397680e-17 1.3505560776e-16 1.0897506363e-16 2.6609382565e-02 6.0157713189e-01 1.2696353020e-02 1.1979966545e-02 2.7083957687e-01 5.7160997276e-03
9.0853502760e-18 -1.9819021883e-18 9.9691587571e-18 -2.3380677880e-01 1.2696353020e-02 4.9146394813e-01 -1.0526352430e-01 5.7160997276e-03 2.2126487311e-01
7.6814315032e-17 -1.7395999902e-16 -1.6220332457e-16 5.0875794212e-02 1.1979966545e-02 -1.0526352430e-01 2.2905090381e-02 5.3935711615e-03 -4.7391310055e-02
5.7470339777e-17 -1.0375475205e-16 -1.0162277552e-16 1.1979966545e-02 2.7083957687e-01 5.7160997276e-03 5.3935711615e-03 1.2193627801e-01 2.5734788599e-03
2.8705814354e-18 2.0922159196e-19 5.4954486673e-18 -1.0526352430e-01 5.7160997276e-03 2.2126487311e-01 -4.7391310055e-02 2.5734788599e-03 9.9616959208e-02
H 2
1.6750778505e-01 2.7615165843e-01
2.7615165843e-01 4.5526086103e-01
0.0000000000e+00 0.0000000000e+00
0.0000000000e+00 0.0000000000e+00
Ir 24
1.0596646431e+00 4.9807382135e-04 -2.0234214050e-02 8.9731061005e-06 4.6208141423e-07 -1.0904324714e-05 3.8009084843e-06 1.2135229559e-05 -5.3563899025e-05 -4.5912564640e-05 -5.3944007698e-05 1.9930091439e-04 3.2784338800e-02 -1.0641469634e-01 3.3809047445e-02 -2.0494400296e-08 6.1365577638e-09 1.9851532140e-07 6.0992107548e-03 -4.4516944822e-02 7.5117987986e-03 -1.1134360476e-08 7.8923144984e-09 7.5862889674e-08
4.9807382135e-04 2.1465935476e-02 4.2061912947e-02 -5.3923199829e-06 -2.8308413727e-06 1.6404418702e-06 2.6466863201e-06 -9.0956044034e-06 4.0686972104e-05 4.8150634752e-05 3.8304984230e-05 -1.4190293496e-04 -9.2669624333e-02 8.3413818126e-02 2.6889963339e-02 -2.2628734165e-08 3.8885285939e-08 -1.3443677917e-07 -3.3265820716e-02 3.6965229063e-02 1.7810014938e-02 -7.3084205078e-09 1.2633003375e-08 -4.8734390359e-08
-2.0234214050e-02 4.2061912947e-02 8.3186144470e-02 -8.2614429382e-06 -5.9234778711e-06 8.3845820194e-07 6.8932734019e-06 -1.6519803399e-05 7.3920232320e-05 9.0753074335e-05 6.8874448072e-05 -2.5522644959e-04 -1.8818940689e-01 1.5517249455e-01 6.6306506360e-02 -5.2224316062e-08 8.0438589505e-08 -2.4229168312e-07 -6.7867862779e-02 6.9369733178e-02 3.9800274626e-02 -1.7129726890e-08 2.6111380906e-08 -8.7428019392e-08
8.9731061005e-06 -5.3923199829e-06 -8.2614429382e-06 9.9373708823e-01 1.1070436107e-09 -2.4352707419e-09 1.4577888152e-02 9.7598396189e-11 -8.5678184870e-09 -3.1114396149e-03 -9.7573918138e-09 3.7764238337e-08 1.7449359234e-05 -2.1827006142e-05 -9.1091388495e-06 -1.0470536671e-06 7.7062703894e-07 -2.5373226322e-10 5.6641558040e-06 -1.0795577617e-05 -5.6084674925e-06 4.6680316941e-08 -1.0809888541e-06 -1.0339821213e-10
4.6208141423e-07 -2.8308413727e-06 -5.9234778711e-06 1.1070436107e-09 9.9000553058e-01 -1.4046083676e-09 -1.6398283294e-12 2.2915367223e-02 -7.9339707131e-09 -5.8825023925e-09 -4.8840217663e-03 3.4827107035e-08 1.0510937037e-06 -1.4117788247e-05 1.2561733497e-05 4.1709089263e-06 3.1941703793e-11 -1.8559267883e-06 1.0064352260e-06 -6.8690682144e-06 4.9313772274e-06 4.0215909823e-06 -1.8802921225e-11 7.8134817071e-07
-1.0904324714e-05 1.6404418702e-06 8.3845820194e-07 -2.4352707419e-09 -1.4046083676e-09 9.9024275646e-01 -3.2381222281e-09 -7.1743370827e-09 2.2443576140e-02 2.7471648699e-08 2.9606146826e-08 -4.9008464041e-03 8.9518897136e-07 4.6849040534e-05 -3.1653459716e-05 4.4296479003e-11 1.4368457740e-07 -1.1018122568e-06 3.0161732866e-06 2.0913254600e-05 -1.0504328986e-05 -1.7458649366e-11 3.9628983984e-06 4.0995319499e-08
3.8009084843e-06 2.6466863201e-06 6.8932734019e-06 1.4577888152e-02 -1.6398283294e-12 -3.2381222281e-09 2.1386344943e-04 6.7133823982e-09 -3.0102015761e-08 -4.5661233485e-05 -3.2557999803e-08 1.2023583464e-07 -4.1501042105e-05 -4.3331532324e-05 7.6188779206e-05 3.3980558824e-06 1.4555434846e-06 -7.1431832875e-09 -1.7100262378e-05 -1.5860133801e-05 2.7915709573e-05 1.2943549195e-06 5.5530156114e-07 -2.7253168707e-09
1.2135229559e-05 -9.0956044034e-06 -1.6519803399e-05 9.7598396189e-11 2.2915367223e-02 -7.1743370827e-09 6.7133823982e-09 5.3042726698e-04 -4.9168250844e-08 -4.1542383797e-08 -1.1309914149e-04 1.8517502587e-07 1.2533995451e-05 -8.4204565344e-05 5.4355152352e-05 -2.4920636006e-05 8.0949723607e-11 4.4406600330e-06 2.5066189198e-06 -3.4308343488e-05 1.5660055919e-05 -9.3883125317e-06 3.1049878255e-11 1.7288605889e-06
-5.3563899025e-05 4.0686972104e-05 7.3920232320e-05 -8.5678184870e-09 -7.9339707131e-09 2.2443576140e-02 -3.0102015761e-08 -4.9168250844e-08 5.0889395735e-04 1.8473320700e-07 2.2142684986e-07 -1.1189210275e-04 -5.9325296569e-05 3.7308216643e-04 -2.3662255306e-04 1.8250315478e-10 -1.3487240880e-05 3.5243368289e-06 -1.2427744199e-05 1.5208016686e-04 -6.7586154449e-05 6.8495352717e-11 -5.2453421997e-06 1.3552134751e-06
-4.5912564640e-05 4.8150634752e-05 9.0753074335e-05 -3.1114396149e-03 -5.8825023925e-09 2.7471648699e-08 -4.5661233485e-05 -4.1542383797e-08 1.8473320700e-07 9.9120427780e-06 1.8469764638e-07 -6.8296650517e-07 -1.3125680821e-04 3.3008060663e-04 -1.3007861293e-04 -1.7578908697e-07 -3.6154566294e-06 2.0716881754e-08 -4.1220646302e-05 1.3746878206e-04 -2.7094775500e-05 -6.8010461548e-08 -1.4254886819e-06 7.9104892800e-09
-5.3944007698e-05 3.8304984230e-05 6.8874448072e-05 -9.7573918138e-09 -4.8840217663e-03 2.9606146826e-08 -3.2557999803e-08 -1.1309914149e-04 2.2142684986e-07 1.8469764638e-07 2.4320555067e-05 -8.3536954294e-07 -4.1502823130e-05 3.7656806485e-04 -2.5751724659e-04 6.2032159615e-06 -3.4559765369e-10 -7.6629362877e-07 -5.5361750452e-06 1.5276820797e-04 -7.5895121111e-05 2.3389498026e-06 -1.3728666451e-10 -2.9973180640e-07
1.9930091439e-04 -1.4190293496e-04 -2.5522644959e-04 3.7764238337e-08 3.4827107035e-08 -4.9008464041e-03 1.2023583464e-07 1.8517502587e-07 -1.1189210275e-04 -6.8296650517e-07 -8.3536954294e-07 2.7340342621e-05 1.5574983927e-04 -1.3918214830e-03 9.4935650565e-04 -7.1379867992e-10 1.0034584343e-05 -2.5670769082e-07 2.1339370382e-05 -5.6471944749e-04 2.7949542238e-04 -2.7046621600e-10 3.9491024326e-06 -1.0024986760e-07
3.2784338800e-02 -9.2669624333e-02 -1.8818940689e-01 1.7449359234e-05 1.0510937037e-06 8.9518897136e-07 -4.1501042105e-05 1.2533995451e-05 -5.9325296569e-05 -1.3125680821e-04 -4.1502823130e-05 1.5574983927e-04 5.0309315340e-01 -1.8353794797e-01 -3.6131579775e-01 3.3613198987e-09 1.5882200049e-08 -3.1021905518e-07 1.8776748872e-01 -9.2584149511e-02 -1.6365829925e-01 -6.2509334224e-09 2.1747580886e-08 -1.2952077960e-07
-1.0641469634e-01 8.3413818126e-02 1.5517249455e-01 -2.1827006142e-05 -1.4117788247e-05 4.6849040534e-05 -4.3331532324e-05 -8.4204565344e-05 3.7308216643e-04 3.3008060663e-04 3.7656806485e-04 -1.3918214830e-03 -1.8353794797e-01 6.5371171000e-01 -3.3442695356e-01 2.7060397875e-08 -2.2757987452e-08 1.2767114345e-07 -5.2295803250e-02 2.6938312533e-01 -8.5352347047e-02 1.2145667783e-08 -1.4080757710e-08 5.8527437043e-08
3.3809047445e-02 2.6889963339e-02 6.6306506360e-02 -9.1091388495e-06 1.2561733497e-05 -3.1653459716e-05 7.6188779206e-05 5.4355152352e-05 -2.3662255306e-04 -1.3007861293e-04 -2.5751724659e-04 9.4935650565e-04 -3.6131579775e-01 -3.3442695356e-01 6.3027514838e-01 4.3797042470e-09 -2.9303094506e-09 -9.7200719020e-08 -1.4766954322e-01 -1.2071371176e-01 2.3289033449e-01 7.7969217249e-09 -1.2752995409e-08 -3.3665846694e-08
-2.0494400296e-08 -2.2628734165e-08 -5.2224316062e-08 -1.0470536671e-06 4.1709089263e-06 4.4296479003e-11 3.3980558824e-06 -2.4920636006e-05 1.8250315478e-10 -1.7578908697e-07 6.2032159615e-06 -7.1379867992e-10 3.3613198987e-09 2.7060397875e-08 4.3797042470e-09 6.7400130235e-01 -1.4860269089e-08 -5.4397305604e-10 3.5077279796e-09 7.7539183811e-09 9.8016647521e-09 2.5544348374e-01 7.9643360896e-09 -7.8898037419e-11
6.1365577638e-09 3.8885285939e-08 8.0438589505e-08 7.7062703894e-07 3.1941703793e-11 1.4368457740e-07 1.4555434846e-06 8.0949723607e-11 -1.3487240880e-05 -3.6154566294e-06 -3.4559765369e-10 1.0034584343e-05 1.5882200049e-08 -2.2757987452e-08 -2.9303094506e-09 -1.4860269089e-08 6.6171457367e-01 3.8428252764e-09 -7.1653984439e-09 -1.2521026201e-08 -5.6251885782e-09 7.1544867627e-09 2.6169177288e-01 -1.6307166215e-09
1.9851532140e-07 -1.3443677917e-07 -2.4229168312e-07 -2.5373226322e-10 -1.8559267883e-06 -1.1018122568e-06 -7.1431832875e-09 4.4406600330e-06 3.5243368289e-06 2.0716881754e-08 -7.6629362877e-07 -2.5670769082e-07 -3.1021905518e-07 1.2767114345e-07 -9.7200719020e-08 -5.4397305604e-10 3.8428252764e-09 6.7207446999e-01 -1.3936264846e-07 -3.2075535612e-08 -6.2022068401e-08 7.8161332391e-10 -2.2270714769e-09 2.5643770814e-01
6.0992107548e-03 -3.3265820716e-02 -6.7867862779e-02 5.6641558040e-06 1.0064352260e-06 3.0161732866e-06 -1.7100262378e-05 2.5066189198e-06 -1.2427744199e-05 -4.1220646302e-05 -5.5361750452e-06 2.1339370382e-05 1.8776748872e-01 -5.2295803250e-02 -1.4766954322e-01 3.5077279796e-09 -7.1653984439e-09 -1.3936264846e-07 7.0539236685e-02 -2.8045797072e-02 -6.5070339609e-02 -1.4902258968e-09 2.9448706641e-09 -5.7183276834e-08
-4.4516944822e-02 3.6965229063e-02 6.9369733178e-02 -1.0795577617e-05 -6.8690682144e-06 2.0913254600e-05 -1.5860133801e-05 -3.4308343488e-05 1.5208016686e-04 1.3746878206e-04 1.5276820797e-04 -5.6471944749e-04 -9.2584149511e-02 2.6938312533e-01 -1.2071371176e-01 7.7539183811e-09 -1.2521026201e-08 -3.2075535612e-08 -2.8045797072e-02 1.1164470053e-01 -2.8126225561e-02 3.9781851395e-09 -7.5645114654e-09 -7.8814432937e-09
7.5117987986e-03 1.7810014938e-02 3.9800274626e-02 -5.6084674925e-06 4.9313772274e-06 -1.0504328986e-05 2.7915709573e-05 1.5660055919e-05 -6.7586154449e-05 -2.7094775500e-05 -7.5895121111e-05 2.7949542238e-04 -1.6365829925e-01 -8.5352347047e-02 2.3289033449e-01 9.8016647521e-09 -5.6251885782e-09 -6.2022068401e-08 -6.5070339609e-02 -2.8126225561e-02 8.9125849401e-02 6.3920148361e-09 -7.4066150325e-09 -2.1462446677e-08
-1.1134360476e-08 -7.3084205078e-09 -1.7129726890e-08 4.6680316941e-08 4.0215909823e-06 -1.7458649366e-11 1.2943549195e-06 -9.3883125317e-06 6.8495352717e-11 -6.8010461548e-08 2.3389498026e-06 -2.7046621600e-10 -6.2509334224e-09 1.2145667783e-08 7.7969217249e-09 2.5544348374e-01 7.1544867627e-09 7.8161332391e-10 -1.4902258968e-09 3.9781851395e-09 6.3920148361e-09 9.6811939622e-02 8.0745589937e-09 3.5066789579e-10
7.8923144984e-09 1.2633003375e-08 2.6111380906e-08 -1.0809888541e-06 -1.8802921225e-11 3.9628983984e-06 5.5530156114e-07 3.1049878255e-11 -5.2453421997e-06 -1.4254886819e-06 -1.3728666451e-10 3.9491024326e-06 2.1747580886e-08 -1.4080757710e-08 -1.2752995409e-08 7.9643360896e-09 2.6169177288e-01 -2.2270714769e-09 2.9448706641e-09 -7.5645114654e-09 -7.4066150325e-09 8.0745589937e-09 1.0349263373e-01 -2.0727282495e-09
7.5862889674e-08 -4.8734390359e-08 -8.7428019392e-08 -1.0339821213e-10 7.8134817071e-07 4.0995319499e-08 -2.7253168707e-09 1.7288605889e-06 1.3552134751e-06 7.9104892800e-09 -2.9973180640e-07 -1.0024986760e-07 -1.2952077960e-07 5.8527437043e-08 -3.3665846694e-08 -7.8898037419e-11 -1.6307166215e-09 2.5643770814e-01 -5.7183276834e-08 -7.8814432937e-09 -2.1462446677e-08 3.5066789579e-10 -2.0727282495e-09 9.7846743318e-02
1.0461954369e+00 9.2327561039e-03 -4.6713278197e-03 6.8506480588e-06 -1.9836050012e-06 -4.0271919501e-06 -4.4763152460e-06 -6.5581177066e-08 2.9366456621e-07 -1.5536838905e-06 1.1929179499e-06 -4.3829803266e-06 2.6124431745e-02 -1.5381841650e-02 -3.1833955749e-02 1.1195053577e-08 -3.6317410098e-09 -1.9739042811e-07 6.0565047320e-03 -7.7140049227e-03 -1.2232402088e-02 8.4202336725e-10 3.9131486217e-09 -7.4182993086e-08
9.2327561039e-03 1.5801557541e-02 3.1969494412e-02 -4.0159213791e-06 -1.2448315193e-06 -2.8193287113e-06 8.0144057106e-06 -1.1834673749e-06 5.7607338105e-06 1.9384223200e-05 2.5490889478e-06 -9.8154105921e-06 -8.8350723044e-02 2.4379673926e-02 6.9458973502e-02 -4.3179114531e-08 4.5219956651e-08 1.2230522005e-07 -3.3238126171e-02 1.3098790199e-02 3.0613985617e-02 -1.5075018328e-08 1.5213463507e-08 4.8569273357e-08
-4.6713278197e-03 3.1969494412e-02 6.5204132490e-02 -5.8090658297e-06 -3.0976291326e-06 -7.1076696513e-06 1.6457125124e-05 -2.4224745627e-06 1.1690942753e-05 3.9498961618e-05 5.1669298861e-06 -1.9881528302e-05 -1.8049427073e-01 4.9989313275e-02 1.4215318752e-01 -8.8839641186e-08 9.1725291918e-08 2.1515443743e-07 -6.7818518447e-02 2.6846071669e-02 6.2613553064e-02 -3.0967743474e-08 3.0709076180e-08 8.5941291506e-08
6.8506480588e-06 -4.0159213791e-06 -5.8090658297e-06 9.9373708790e-01 7.2165588183e-10 -1.3515821052e-09 1.4577886848e-02 -1.8249877175e-09 -8.1021493564e-11 -3.1114326249e-03 -1.0689947974e-09 5.6680247317e-09 1.6399900710e-05 -7.4821805326e-06 -1.9453068374e-05 -1.0470486735e-06 7.7062549967e-07 -3.1611851875e-10 5.6574262507e-06 -4.9962235637e-06 -8.7197301183e-06 4.6682204162e-08 -1.0809894811e-06 -1.2704222537e-10
-1.9836050012e-06 -1.2448315193e-06 -3.0976291326e-06 7.2165588183e-10 9.9000553014e-01 -1.5588517722e-10 -1.5045861257e-09 2.2915365007e-02 1.8452775495e-09 2.1720117476e-09 -4.8840117547e-03 -2.1570274244e-09 -1.5818648197e-07 2.4116057072e-06 6.4253065669e-07 4.1709146804e-06 3.0168013852e-11 -1.8559986754e-06 9.9868083144e-07 -1.8653261363e-07 1.3463015326e-06 4.0215931569e-06 -1.9525442788e-11 7.8132092595e-07
-4.0271919501e-06 -2.8193287113e-06 -7.1076696513e-06 -1.3515821052e-09 -1.5588517722e-10 9.9024275295e-01 9.8807830151e-10 -9.4482408697e-10 2.2443548642e-02 4.8228075632e-09 1.4542311638e-09 -4.9007424068e-03 4.2956168975e-06 3.6931360756e-07 1.8626688680e-06 2.8116417776e-11 1.4368956491e-07 -1.1016101145e-06 3.0379782084e-06 2.1223400173e-06 -4.2329759637e-07 -2.3573574055e-11 3.9629004301e-06 4.1071930209e-08
-4.4763152460e-06 8.0144057106e-06 1.6457125124e-05 1.4577886848e-02 -1.5045861257e-09 9.8807830151e-10 2.1385836284e-04 -7.8437496165e-10 2.9950425016e-09 -4.5633973647e-05 1.3252641047e-09 -4.9339146247e-09 -4.5593751042e-05 1.2610836667e-05 3.5849221372e-05 3.3980753565e-06 1.4555374817e-06 -7.3864790251e-09 -1.7126506486e-05 6.7563561565e-06 1.5782316907e-05 1.2943622794e-06 5.5529911582e-07 -2.8175244827e-09
-6.5581177066e-08 -1.1834673749e-06 -2.4224745627e-06 -1.8249877175e-09 2.2915365007e-02 -9.4482408697e-10 -7.8437496165e-10 5.3041621512e-04 -3.8245539358e-10 -1.3607799832e-09 -1.1304919681e-04 6.7204872760e-10 6.5012520134e-06 -1.7442769128e-06 -5.1062475513e-06 -2.4920607300e-05 7.2101305779e-11 4.4403014097e-06 2.4679345243e-06 -9.7113738056e-07 -2.2248330650e-06 -9.3883016831e-06 2.7445430531e-11 1.7287246728e-06
2.9366456621e-07 5.7607338105e-06 1.1690942753e-05 -8.1021493564e-11 1.8452775495e-09 2.2443548642e-02 2.9950425016e-09 -3.8245539358e-10 5.0867860411e-04 7.3611184214e-09 9.5799459301e-10 -1.1107765845e-04 -3.2695192200e-05 9.0809271733e-06 2.5855588408e-05 5.5790656076e-11 -1.3487201821e-05 3.5259198857e-06 -1.2256981179e-05 4.9210364847e-06 1.1362414344e-05 2.0606943902e-11 -5.2453262887e-06 1.3558134441e-06
-1.5536838905e-06 1.9384223200e-05 3.9498961618e-05 -3.1114326249e-03 2.1720117476e-09 4.8228075632e-09 -4.5633973647e-05 -1.3607799832e-09 7.3611184214e-09 9.7659532262e-06 3.1121640934e-09 -1.2163085823e-08 -1.0932336850e-04 3.0277078804e-05 8.6107114764e-05 -1.7589345160e-07 -3.6154244589e-06 2.2020740023e-08 -4.1080000198e-05 1.6263627566e-05 3.7929891695e-05 -6.8049904035e-08 -1.4254755771e-06 8.4046436723e-09
1.1929179499e-06 2.5490889478e-06 5.1669298861e-06 -1.0689947974e-09 -4.8840117547e-03 1.4542311638e-09 1.3252641047e-09 -1.1304919681e-04 9.5799459301e-10 3.1121640934e-09 2.4094849074e-05 -1.5784816608e-09 -1.4240132679e-05 3.9201408358e-06 1.1195944378e-05 6.2030862390e-06 -3.0561059329e-10 -7.6467296713e-07 -5.3613556266e-06 2.1133790257e-06 4.9288352158e-06 2.3389007766e-06 -1.2099773335e-10 -2.9911758545e-07
-4.3829803266e-06 -9.8154105921e-06 -1.9881528302e-05 5.6680247317e-09 -2.1570274244e-09 -4.9007424068e-03 -4.9339146247e-09 6.7204872760e-10 -1.1107765845e-04 -1.2163085823e-08 -1.5784816608e-09 2.4260196082e-05 5.5037459935e-05 -1.5205365466e-05 -4.3309455585e-05 -2.3458473998e-10 1.0034436625e-05 -2.6269465276e-07 2.0693561795e-05 -8.1784006938e-06 -1.9080133248e-05 -8.9357064957e-11 3.9490422589e-06 -1.0251888993e-07
2.6124431745e-02 -8.8350723044e-02 -1.8049427073e-01 1.6399900710e-05 -1.5818648197e-07 4.2956168975e-06 -4.5593751042e-05 6.5012520134e-06 -3.2695192200e-05 -1.0932336850e-04 -1.4240132679e-05 5.5037459935e-05 4.9980013366e-01 -1.3852636074e-01 -3.9377326351e-01 1.9030306904e-08 1.1052222632e-08 -5.0597635883e-07 1.8774637255e-01 -7.4386777307e-02 -1.7342090445e-01 -3.2915882934e-10 1.9780065174e-08 -2.0371161282e-07
-1.5381841650e-02 2.4379673926e-02 4.9989313275e-02 -7.4821805326e-06 2.4116057072e-06 3.6931360756e-07 1.2610836667e-05 -1.7442769128e-06 9.0809271733e-06 3.0277078804e-05 3.9201408358e-06 -1.5205365466e-05 -1.3852636074e-01 3.8457886600e-02 1.0922725056e-01 -1.8711565674e-07 4.3261947761e-08 2.8034361399e-06 -5.2007170713e-02 2.0647110579e-02 4.8090629416e-02 -6.8797811092e-08 1.2812796578e-08 1.0726261750e-06
-3.1833955749e-02 6.9458973502e-02 1.4215318752e-01 -1.9453068374e-05 6.4253065669e-07 1.8626688680e-06 3.5849221372e-05 -5.1062475513e-06 2.5855588408e-05 8.6107114764e-05 1.1195944378e-05 -4.3309455585e-05 -3.9377326351e-01 1.0922725056e-01 3.1035994372e-01 1.5882020252e-07 -5.0536713016e-08 -2.0266716865e-06 -1.4787767364e-01 5.8647674480e-02 1.3666575974e-01 6.6164563392e-08 -3.2145704516e-08 -7.6492366483e-07
1.1195053577e-08 -4.3179114531e-08 -8.8839641186e-08 -1.0470486735e-06 4.1709146804e-06 2.8116417776e-11 3.3980753565e-06 -2.4920607300e-05 5.5790656076e-11 -1.7589345160e-07 6.2030862390e-06 -2.3458473998e-10 1.9030306904e-08 -1.8711565674e-07 1.5882020252e-07 6.7400130235e-01 -1.4860246107e-08 -5.4304159528e-10 3.6082038737e-09 -7.8833594370e-08 5.6254509298e-08 2.5544348374e-01 7.9643454515e-09 -7.8545019432e-11
-3.6317410098e-09 4.5219956651e-08 9.1725291918e-08 7.7062549967e-07 3.0168013852e-11 1.4368956491e-07 1.4555374817e-06 7.2101305779e-11 -1.3487201821e-05 -3.6154244589e-06 -3.0561059329e-10 1.0034436625e-05 1.1052222632e-08 4.3261947761e-08 -5.0536713016e-08 -1.4860246107e-08 6.6171457367e-01 3.8425381529e-09 -7.1963702163e-09 1.4169641868e-08 -1.9944313995e-08 7.1544954484e-09 2.6169177288e-01 -1.6308254396e-09
-1.9739042811e-07 1.2230522005e-07 2.1515443743e-07 -3.1611851875e-10 -1.8559986754e-06 -1.1016101145e-06 -7.3864790251e-09 4.4403014097e-06 3.5259198857e-06 2.2020740023e-08 -7.6467296713e-07 -2.6269465276e-07 -5.0597635883e-07 2.8034361399e-06 -2.0266716865e-06 -5.4304159528e-10 3.8425381529e-09 6.7207446997e-01 -1.4061792361e-07 1.0496879517e-06 -6.4237123790e-07 7.8196535054e-10 -2.2271884381e-09 2.5643770813e-01
6.0565047320e-03 -3.3238126171e-02 -6.7818518447e-02 5.6574262507e-06 9.9868083144e-07 3.0379782084e-06 -1.7126506486e-05 2.4679345243e-06 -1.2256981179e-05 -4.1080000198e-05 -5.3613556266e-06 2.0693561795e-05 1.8774637255e-01 -5.2007170713e-02 -1.4787767364e-01 3.6082038737e-09 -7.1963702163e-09 -1.4061792361e-07 7.0539101279e-02 -2.7929108147e-02 -6.5132941389e-02 -1.4522530785e-09 2.9322541561e-09 -5.7659018520e-08
-7.7140049227e-03 1.3098790199e-02 2.6846071669e-02 -4.9962235637e-06 -1.8653261363e-07 2.1223400173e-06 6.7563561565e-06 -9.7113738056e-07 4.9210364847e-06 1.6263627566e-05 2.1133790257e-06 -8.1784006938e-06 -7.4386777307e-02 2.0647110579e-02 5.8647674480e-02 -7.8833594370e-08 1.4169641868e-08 1.0496879517e-06 -2.7929108147e-02 1.1085219743e-02 2.5822361020e-02 -2.8745802245e-08 3.3080670732e-09 4.0210037080e-07
-1.2232402088e-02 3.0613985617e-02 6.2613553064e-02 -8.7197301183e-06 1.3463015326e-06 -4.2329759637e-07 1.5782316907e-05 -2.2248330650e-06 1.1362414344e-05 3.7929891695e-05 4.9288352158e-06 -1.9080133248e-05 -1.7342090445e-01 4.8090629416e-02 1.3666575974e-01 5.6254509298e-08 -1.9944313995e-08 -6.4237123790e-07 -6.5132941389e-02 2.5822361020e-02 6.0183277587e-02 2.3947921578e-08 -1.3239583143e-08 -2.4141126922e-07
8.4202336725e-10 -1.5075018328e-08 -3.0967743474e-08 4.6682204162e-08 4.0215931569e-06 -2.3573574055e-11 1.2943622794e-06 -9.3883016831e-06 2.0606943902e-11 -6.8049904035e-08 2.3389007766e-06 -8.9357064957e-11 -3.2915882934e-10 -6.8797811092e-08 6.6164563392e-08 2.5544348374e-01 7.1544954484e-09 7.8196535054e-10 -1.4522530785e-09 -2.8745802245e-08 2.3947921578e-08 9.6811939622e-02 8.0745625319e-09 3.5080131175e-10
3.9131486217e-09 1.5213463507e-08 3.0709076180e-08 -1.0809894811e-06 -1.9525442788e-11 3.9629004301e-06 5.5529911582e-07 2.7445430531e-11 -5.2453262887e-06 -1.4254755771e-06 -1.2099773335e-10 3.9490422589e-06 1.9780065174e-08 1.2812796578e-08 -3.2145704516e-08 7.9643454515e-09 2.6169177288e-01 -2.2271884381e-09 2.9322541561e-09 3.3080670732e-09 -1.3239583143e-08 8.0745625319e-09 1.0349263373e-01 -2.0727725771e-09
-7.4182993086e-08 4.8569273357e-08 8.5941291506e-08 -1.2704222537e-10 7.8132092595e-07 4.1071930209e-08 -2.8175244827e-09 1.7287246728e-06 1.3558134441e-06 8.4046436723e-09 -2.9911758545e-07 -1.0251888993e-07 -2.0371161282e-07 1.0726261750e-06 -7.6492366483e-07 -7.8545019432e-11 -1.6308254396e-09 2.5643770813e-01 -5.7659018520e-08 4.0210037080e-07 -2.4141126922e-07 3.5080131175e-10 -2.0727725771e-09 9.7846743316e-02
F 9
1.0653725941e+00 -1.4857360076e-01 -1.3002781156e-01 3.8187694253e-16 1.4869015093e-16 1.0104071984e-20 -4.5172970146e-16 -1.6570396990e-16 -1.4336096883e-20
-1.4857360076e-01 3.3422599397e-01 2.9661854886e-01 8.8454366502e-17 -3.4679905345e-16 3.6116522759e-21 1.1012740122e-17 4.3704493299e-16 -1.3888054473e-21
-1.3002781156e-01 2.9661854886e-01 2.6324607564e-01 -4.3197709628e-17 -3.0695189900e-16 -1.1044370162e-21 -4.4110296215e-17 3.9168790635e-16 -3.2137682252e-21
3.8187694253e-16 8.8454366502e-17 -4.3197709628e-17 6.1919495994e-01 2.0191312219e-02 3.2492840226e-15 2.6761583985e-01 -9.0957831915e-03 -1.3915054653e-15
1.4869015093e-16 -3.4679905345e-16 -3.0695189900e-16 2.0191312219e-02 6.3756519301e-01 4.1030338367e-15 -9.0957831915e-03 2.5934041647e-01 -1.0596282359e-15
1.0104071984e-20 3.6116522759e-21 -1.1044370162e-21 3.2492840226e-15 4.1030338367e-15 6.0619775345e-01 -1.4033728858e-15 -2.6322999608e-15 2.7347082199e-01
-4.5172970146e-16 1.1012740122e-17 -4.4110296215e-17 2.6761583985e-01 -9.0957831915e-03 -1.4033728858e-15 1.1616219321e-01 -1.1196575736e-02 -1.7891972510e-15
-1.6570396990e-16 4.3704493299e-16 3.9168790635e-16 -9.0957831915e-03 2.5934041647e-01 -2.6322999608e-15 -1.1196575736e-02 1.0597545033e-01 -2.2940578812e-15
-1.4336096883e-20 -1.3888054473e-21 -3.2137682252e-21 -1.3915054653e-15 -1.0596282359e-15 2.7347082199e-01 -1.7891972510e-15 -2.2940578812e-15 1.2336946162e-01
1.0653725941e+00 -1.4857360076e-01 -1.3002781156e-01 4.2451031007e-16 2.1492158578e-16 1.0104071994e-20 -4.3511801640e-16 -1.3989752299e-16 -1.4336096879e-20
-1.4857360076e-01 3.3422599397e-01 2.9661854886e-01 -5.5724371068e-18 -4.9287079201e-16 3.6116522543e-21 -2.5623907139e-17 3.8012947319e-16 -1.3888054560e-21
-1.3002781156e-01 2.9661854886e-01 2.6324607564e-01 -9.1143926923e-17 -3.8143690805e-16 -1.1044370272e-21 -6.2792082505e-17 3.6266553297e-16 -3.2137682296e-21
4.2451031007e-16 -5.5724371068e-18 -9.1143926923e-17 4.2860414961e-01 -2.7589373960e-01 -4.0432034176e-14 1.9335394834e-01 -1.2446249977e-01 -1.8935454198e-14
2.1492158578e-16 -4.9287079201e-16 -3.8143690805e-16 -2.7589373960e-01 1.7759360384e-01 -6.3756404612e-14 -1.2446249977e-01 8.0116873651e-02 -2.8314357678e-14
1.0104071994e-20 3.6116522543e-21 -1.1044370272e-21 -4.0432034176e-14 -6.3756404612e-14 6.0619775345e-01 -1.8423381919e-14 -2.9073082954e-14 2.7347082199e-01
-4.3511801640e-16 -2.5623907139e-17 -6.2792082505e-17 1.9335394834e-01 -1.2446249977e-01 -1.8423381919e-14 8.7226755437e-02 -5.6148116559e-02 -8.6250295522e-15
-1.3989752299e-16 3.8012947319e-16 3.6266553297e-16 -1.2446249977e-01 8.0116873651e-02 -2.9073082954e-14 -5.6148116559e-02 3.6142706184e-02 -1.2913603271e-14
-1.4336096879e-20 -1.3888054560e-21 -3.2137682296e-21 -1.8935454198e-14 -2.8314357678e-14 2.7347082199e-01 -8.6250295522e-15 -1.2913603271e-14 1.2336946162e-01
N 9
1.0586442206e+00 -1.3450474892e-01 -1.2863726240e-01 -4.1830661646e-16 1.1357516720e-17 6.5489032832e-18 4.6696170318e-16 2.3744123170e-18 1.3468285357e-17
-1.3450474892e-01 3.0819617864e-01 2.9511268781e-01 1.9791722109e-16 -6.1970813250e-18 1.4287370824e-17 -2.9198243973e-16 -7.7985181066e-18 -5.1938864547e-17
-1.2863726240e-01 2.9511268781e-01 2.8258463988e-01 2.5300416753e-16 -5.1929419815e-18 3.4486511617e-17 -2.5292582786e-16 -9.3940403486e-18 -4.1454596159e-17
-4.1830661646e-16 1.9791722109e-16 2.5300416753e-16 5.6007707508e-01 -9.5735966518e-03 1.8027163797e-01 2.3510666277e-01 -2.4354810771e-02 7.1756467955e-02
1.1357516720e-17 -6.1970813250e-18 -5.1929419815e-18 -9.5735966518e-03 5.7056688326e-01 1.0679042241e-01 -2.4354810771e-02 2.6179227556e-01 4.2507538122e-02
6.5489032832e-18 1.4287370824e-17 3.4486511617e-17 1.8027163797e-01 1.0679042241e-01 7.9187586174e-02 7.1756467955e-02 4.2507538122e-02 3.1520329841e-02
4.6696170318e-16 -2.9198243973e-16 -2.5292582786e-16 2.3510666277e-01 -2.4354810771e-02 7.1756467955e-02 9.9417050884e-02 -1.9542145184e-02 2.8562400339e-02
2.3744123170e-18 -7.7985181066e-18 -9.3940403486e-18 -2.4354810771e-02 2.6179227556e-01 4.2507538122e-02 -1.9542145184e-02 1.2082941678e-01 1.6919970504e-02
1.3468285357e-17 -5.1938864547e-17 -4.1454596159e-17 7.1756467955e-02 4.2507538122e-02 3.1520329841e-02 2.8562400339e-02 1.6919970504e-02 1.2546552323e-02
1.0586442206e+00 -1.3450474892e-01 -1.2863726240e-01 -4.9230597445e-16 -3.2478678406e-17 -2.5956656681e-17 4.3750652864e-16 -1.5074425261e-17 5.2956577738e-19
-1.3450474892e-01 3.0819617864e-01 2.9511268781e-01 3.1642291056e-16 6.4004048363e-17 6.6343144006e-17 -2.4481168229e-16 2.0144785508e-17 -3.1218253905e-17
-1.2863726240e-01 2.9511268781e-01 2.8258463988e-01 3.1911576213e-16 3.3970651321e-17 6.3527228468e-17 -2.2661034877e-16 6.1948851167e-18 -2.9895044741e-17
-4.9230597445e-16 3.1642291056e-16 3.1911576213e-16 1.4968619153e-01 -2.5268347405e-01 -2.3627691691e-15 7.1752068474e-02 -1.2112381073e-01 -8.9496487518e-16
-3.2478678406e-17 6.4004048363e-17 3.3970651321e-17 -2.5268347405e-01 4.2655195783e-01 3.9885624445e-15 -1.2112381073e-01 2.0446765979e-01 1.5107795281e-15
-2.5956656681e-17 6.6343144006e-17 6.3527228468e-17 -2.3627691691e-15 3.9885624445e-15 3.7310169581e-29 -1.1325932838e-15 1.9119172096e-15 1.4120097569e-29
4.3750652864e-16 -2.4481168229e-16 -2.2661034877e-16 7.1752068474e-02 -1.2112381073e-01 -1.1325932838e-15 3.4394350457e-02 -5.8060692655e-02 -4.2900136844e-16
-1.5074425261e-17 2.0144785508e-17 6.1948851167e-18 -1.2112381073e-01 2.0446765979e-01 1.9119172096e-15 -5.8060692655e-02 9.8011562559e-02 7.2419209173e-16
5.2956577738e-19 -3.1218253905e-17 -2.9895044741e-17 -8.9496487518e-16 1.5107795281e-15 1.4120097569e-29 -4.2900136844e-16 7.2419209173e-16 5.3542756817e-30
Pt 24
1.0485166592e+00 1.5948346421e-02 4.6958154032e-03 3.7628759522e-16 1.4845450409e-16 -2.3067533512e-17 1.4133142437e-17 -9.4645265518e-18 1.4825398907e-16 -4.2582046956e-18 1.2185331102e-17 -1.4924482352e-16 -7.2537514781e-03 -7.2572567587e-03 -7.2515165010e-03 -4.1111316858e-06 -1.4501662226e-06 8.3106222138e-07 -2.7147433636e-03 -2.7153827969e-03 -2.7143356809e-03 -7.4889361006e-07 -3.2236824725e-07 1.8769879564e-07
1.5948346421e-02 2.4258074406e-04 7.1425549442e-05 7.5833653263e-16 3.3014700068e-16 -1.5086222768e-18 2.1428711541e-17 9.1008097934e-18 2.2173118756e-18 -5.4079588716e-18 -2.1437722458e-18 -2.2554487573e-18 -1.1124546673e-04 -1.0373949119e-04 -1.1603139750e-04 8.8081448630e-06 2.8409669111e-06 -1.6145929834e-06 -4.1562836002e-05 -3.9332654786e-05 -4.2984835668e-05 2.6170945399e-06 8.4346725149e-07 -4.7932773916e-07
4.6958154032e-03 7.1425549442e-05 2.1031084387e-05 1.8899176954e-15 2.3718359960e-15 8.3372602753e-18 5.3286827545e-17 6.6797016325e-17 8.9185346952e-19 -1.3423834287e-17 -1.6777736511e-17 -7.1560705208e-19 -3.4274717530e-05 -1.9483246889e-05 -4.3705973768e-05 1.7356417706e-05 5.6608285097e-06 -3.2206743942e-06 -1.2687988112e-05 -8.3033133646e-06 -1.5483720393e-05 5.1450116899e-06 1.6778958680e-06 -9.5461409506e-07
3.7628759522e-16 7.5833653263e-16 1.8899176954e-15 9.8840428088e-01 -2.1605471913e-07 -7.8573479031e-08 2.7858394118e-02 5.0590726051e-07 1.7759642997e-07 -7.0145327467e-03 -1.5477155767e-07 -3.9791866140e-08 2.2024022163e-16 -4.9935455532e-16 -1.1661870453e-16 8.3045149602e-17 -4.5652527801e-17 1.6802319481e-16 -1.3158276952e-15 -5.3115117679e-16 -9.3524175860e-16 4.9469804068e-17 -6.9235361720e-17 -8.6572420273e-17
1.4845450409e-16 3.3014700068e-16 2.3718359960e-15 -2.1605471913e-07 9.8840406813e-01 4.5148896917e-08 5.0590726023e-07 2.7858892185e-02 -1.0173350814e-07 -1.5477155740e-07 -7.0146848594e-03 2.2052213368e-08 9.0273648365e-17 -2.9490213793e-16 -5.9287992297e-16 -1.1205030049e-17 -2.7029042939e-16 2.9526013948e-16 -1.2122181777e-15 -9.4165210048e-16 -7.3661179081e-16 3.5561392828e-17 -9.7058206008e-17 6.5589225462e-17
-2.3067533512e-17 -1.5086222768e-18 8.3372602753e-18 -7.8573479031e-08 4.5148896917e-08 9.8840441653e-01 1.7759642989e-07 -1.0173350802e-07 2.7858076548e-02 -3.9791866023e-08 2.2052213204e-08 -7.0144357528e-03 3.4113658309e-16 -9.3626064693e-17 -2.6866546383e-16 5.9366578178e-17 -1.8034941928e-16 3.6455534636e-17 -5.7762055113e-16 1.4259610293e-16 4.2154718226e-16 5.0452759982e-17 -1.3795941632e-16 -1.6867550572e-16
1.4133142437e-17 2.1428711541e-17 5.3286827545e-17 2.7858394118e-02 5.0590726023e-07 1.7759642989e-07 7.8519502406e-04 2.8690094620e-08 1.0073497097e-08 -1.9770616303e-04 -7.9958982668e-09 -2.3976007604e-09 -2.2960470742e-17 -6.2996039949e-17 7.4729678028e-17 -1.7915331048e-16 7.5477575609e-16 -4.2324809103e-16 -4.5732260132e-17 -2.9467624569e-17 -3.2445511394e-18 -5.2385162360e-17 2.2208548427e-16 -1.2926032192e-16
-9.4645265518e-18 9.1008097934e-18 6.6797016325e-17 5.0590726051e-07 2.7858892185e-02 -1.0173350802e-07 2.8690094620e-08 7.8522326960e-04 -5.7705555098e-09 -7.9958982612e-09 -1.9771402769e-04 1.3525427236e-09 6.1779666225e-17 -5.3258084345e-17 -3.0715259949e-17 -3.9936447364e-16 1.4345108101e-15 -9.3441845932e-16 -1.6604406817e-17 -3.9848027952e-17 -2.4909106936e-17 -1.1724439297e-16 4.2459661414e-16 -2.7750488056e-16
1.4825398907e-16 2.2173118756e-18 8.9185346952e-19 1.7759642997e-07 -1.0173350814e-07 2.7858076548e-02 1.0073497097e-08 -5.7705555098e-09 7.8517701460e-04 -2.3976007577e-09 1.3525427199e-09 -1.9770114832e-04 -1.2185815918e-16 2.7978249353e-17 9.0189946852e-17 -4.5217808354e-16 1.8691957047e-16 1.4590672571e-16 -5.5319212578e-17 1.3014334452e-17 4.0765539090e-17 -1.3306268741e-16 5.3006632784e-17 3.8177560055e-17
-4.2582046956e-18 -5.4079588716e-18 -1.3423834287e-17 -7.0145327467e-03 -1.5477155740e-07 -3.9791866023e-08 -1.9770616303e-04 -7.9958982612e-09 -2.3976007577e-09 4.9780915191e-05 2.2076784472e-09 5.6874167432e-10 -5.6464479598e-18 -6.8145062376e-17 7.6631832309e-17 1.5914997708e-16 -7.1374390464e-16 1.5151135711e-16 8.1270915223e-18 -1.7474400782e-17 2.9102835779e-17 4.6984170785e-17 -2.1110231250e-16 4.5862453445e-17
1.2185331102e-17 -2.1437722458e-18 -1.6777736511e-17 -1.5477155767e-07 -7.0146848594e-03 2.2052213204e-08 -7.9958982668e-09 -1.9771402769e-04 1.3525427199e-09 2.2076784472e-09 4.9783084964e-05 -3.1527022138e-10 -2.2544139301e-16 -2.6448308591e-16 4.9530846037e-16 1.0170928161e-16 1.5910224641e-16 -5.6487159215e-17 -5.8024076288e-17 -7.2318532687e-17 1.5075309941e-16 2.9869158784e-17 4.7265877681e-17 -1.6582710475e-17
-1.4924482352e-16 -2.2554487573e-18 -7.1560705208e-19 -3.9791866140e-08 2.2052213368e-08 -7.0144357528e-03 -2.3976007604e-09 1.3525427236e-09 -1.9770114832e-04 5.6874167432e-10 -3.1527022138e-10 4.9779531647e-05 -1.5736398529e-16 5.5874723633e-17 1.0474436872e-16 7.6212800073e-17 1.0129016368e-15 -7.9918917501e-16 -4.1734296891e-17 1.5428975439e-17 2.7567144444e-17 2.2351199058e-17 3.0074281410e-16 -2.3554316365e-16
-7.2537514781e-03 -1.1124546673e-04 -3.4274717530e-05 2.2024022163e-16 9.0273648365e-17 3.4113658309e-16 -2.2960470742e-17 6.1779666225e-17 -1.2185815918e-16 -5.6464479598e-18 -2.2544139301e-16 -1.5736398529e-16 7.4995171726e-01 -3.7490533576e-01 -3.7489638172e-01 5.3721798111e-06 3.9565568496e-07 -7.4625201055e-07 2.2223968923e-01 -1.1108785406e-01 -1.1109598701e-01 -1.7353594589e-06 3.0147759182e-07 1.6299439085e-07
-7.2572567587e-03 -1.0373949119e-04 -1.9483246889e-05 -4.9935455532e-16 -2.9490213793e-16 -9.3626064693e-17 -6.2996039949e-17 -5.3258084345e-17 2.7978249353e-17 -6.8145062376e-17 -2.6448308591e-16 5.5874723633e-17 -3.7490533576e-01 7.4996366422e-01 -3.7490365522e-01 8.7171722831e-06 9.3015789542e-07 -4.0654854316e-08 -1.1108693510e-01 2.2223585945e-01 -1.1108894282e-01 -3.8820648891e-06 -4.3140222556e-08 -2.8866688167e-07
-7.2515165010e-03 -1.1603139750e-04 -4.3705973768e-05 -1.1661870453e-16 -5.9287992297e-16 -2.6866546383e-16 7.4729678028e-17 -3.0715259949e-17 9.0189946852e-17 7.6631832309e-17 4.9530846037e-16 1.0474436872e-16 -3.7489638172e-01 -3.7490365522e-01 7.4994705685e-01 -8.6052920629e-06 4.5217771158e-07 -2.2407963548e-07 -1.1109657282e-01 -1.1109044758e-01 2.2224023345e-01 7.2326753959e-06 2.6628850895e-07 -1.7268804219e-07
-4.1111316858e-06 8.8081448630e-06 1.7356417706e-05 8.3045149602e-17 -1.1205030049e-17 5.9366578178e-17 -1.7915331048e-16 -3.9936447364e-16 -4.5217808354e-16 1.5914997708e-16 1.0170928161e-16 7.6212800073e-17 5.3721798111e-06 8.7171722831e-06 -8.6052920629e-06 7.4991169518e-01 -1.2621202395e-08 -6.1618005279e-08 -6.6331254293e-07 -2.8100728258e-06 8.3047559652e-06 2.2221484700e-01 6.1084305157e-09 4.0762844558e-08
-1.4501662226e-06 2.8409669111e-06 5.6608285097e-06 -4.5652527801e-17 -2.7029042939e-16 -1.8034941928e-16 7.5477575609e-16 1.4345108101e-15 1.8691957047e-16 -7.1374390464e-16 1.5910224641e-16 1.0129016368e-15 3.9565568496e-07 9.3015789542e-07 4.5217771158e-07 -1.2621202395e-08 7.4991109515e-01 -2.0895013076e-06 9.9485839984e-07 6.5323604939e-07 9.5775894016e-07 9.6443254766e-09 2.2221523261e-01 1.3406871075e-06
8.3106222138e-07 -1.6145929834e-06 -3.2206743942e-06 1.6802319481e-16 2.9526013948e-16 3.6455534636e-17 -4.2324809103e-16 -9.3441845932e-16 1.4590672571e-16 1.5151135711e-16 -5.6487159215e-17 -7.9918917501e-16 -7.4625201055e-07 -4.0654854316e-08 -2.2407963548e-07 -6.1618005279e-08 -2.0895013076e-06 7.4990905289e-01 -2.5037732445e-07 -7.0390834611e-07 -5.8486733724e-07 3.8556923050e-08 1.3406237668e-06 2.2221654296e-01
-2.7147433636e-03 -4.1562836002e-05 -1.2687988112e-05 -1.3158276952e-15 -1.2122181777e-15 -5.7762055113e-16 -4.5732260132e-17 -1.6604406817e-17 -5.5319212578e-17 8.1270915223e-18 -5.8024076288e-17 -4.1734296891e-17 2.2223968923e-01 -1.1108693510e-01 -1.1109657282e-01 -6.6331254293e-07 9.9485839984e-07 -2.5037732445e-07 6.5858517115e-02 -3.2915762544e-02 -3.2921814509e-02 -1.1828711721e-06 3.4933340654e-07 3.9669535482e-08
-2.7153827969e-03 -3.9332654786e-05 -8.3033133646e-06 -5.3115117679e-16 -9.4165210048e-16 1.4259610293e-16 -2.9467624569e-17 -3.9848027952e-17 1.3014334452e-17 -1.7474400782e-17 -7.2318532687e-17 1.5428975439e-17 -1.1108785406e-01 2.2223585945e-01 -1.1109044758e-01 -2.8100728258e-06 6.5323604939e-07 -7.0390834611e-07 -3.2915762544e-02 6.5855197841e-02 -3.2917273570e-02 -2.7487318977e-06 9.9050576230e-08 -2.9052160822e-07
-2.7143356809e-03 -4.2984835668e-05 -1.5483720393e-05 -9.3524175860e-16 -7.3661179081e-16 4.2154718226e-16 -3.2445511394e-18 -2.4909106936e-17 4.0765539090e-17 2.9102835779e-17 1.5075309941e-16 2.7567144444e-17 -1.1109598701e-01 -1.1108894282e-01 2.2224023345e-01 8.3047559652e-06 9.5775894016e-07 -5.8486733724e-07 -3.2921814509e-02 -3.2917273570e-02 6.5859249305e-02 5.3595493927e-06 3.2294872301e-07 -2.0477560585e-07
